11
1
32000 10 8 4 32000 32000 32000 32000 32000 32000 32000
32000 32000 32000 32000 5 3 2 32000 32000 32000 32000
32000 32000 32000 32000 4 8 32000 32000 32000 32000 32000
32000 32000 32000 32000 32000 32000 12 32000 32000 32000 32000
32000 32000 32000 32000 32000 32000 32000 7 6 32000 32000
32000 32000 32000 32000 32000 32000 32000 5 4 32000 32000
32000 32000 32000 32000 32000 32000 32000 32000 6 7 32000
32000 32000 32000 32000 32000 32000 32000 32000 32000 32000 5
32000 32000 32000 32000 32000 32000 32000 32000 32000 32000 3
32000 32000 32000 32000 32000 32000 32000 32000 32000 32000 6
32000 32000 32000 32000 32000 32000 32000 32000 32000 32000 32000
