1	 0.291792
2	 0.262993
3	 0.234125
4	 0.206226
5	 0.180244
6	 0.156854
7	 0.136382
8	 0.118838
9	 0.10401
10	 0.0915729
11	 0.0811687
12	 0.0724559
13	 0.0651337
14	 0.0589488
15	 0.0536927
16	 0.0491971
17	 0.0453262
18	 0.0419715
19	 0.0390454
20	 0.0364777
21	 0.0342113
22	 0.0321999
23	 0.0304056
24	 0.0287972
25	 0.0273489
26	 0.0260392
27	 0.0248502
28	 0.0237667
29	 0.0227758
30	 0.0218667
31	 0.02103
32	 0.0202578
33	 0.0195432
34	 0.01888
35	 0.0182632
36	 0.0176882
37	 0.017151
38	 0.016648
39	 0.0161762
40	 0.0157329
41	 0.0153155
42	 0.014922
43	 0.0145503
44	 0.0141987
45	 0.0138657
46	 0.0135499
47	 0.0132499
48	 0.0129646
49	 0.012693
50	 0.0124341
51	 0.012187
52	 0.0119511
53	 0.0117254
54	 0.0115095
55	 0.0113026
56	 0.0111042
57	 0.0109138
58	 0.010731
59	 0.0105552
60	 0.0103861
61	 0.0102233
62	 0.0100665
63	 0.00991529
64	 0.00976944
65	 0.00962863
66	 0.00949263
67	 0.00936117
68	 0.00923404
69	 0.00911103
70	 0.00899193
71	 0.00887656
72	 0.00876474
73	 0.00865632
74	 0.00855113
75	 0.00844903
76	 0.00834988
77	 0.00825356
78	 0.00815995
79	 0.00806893
80	 0.00798039
81	 0.00789423
82	 0.00781036
83	 0.00772868
84	 0.0076491
85	 0.00757155
86	 0.00749594
87	 0.0074222
88	 0.00735027
89	 0.00728007
90	 0.00721154
91	 0.00714462
92	 0.00707925
93	 0.00701538
94	 0.00695295
95	 0.00689193
96	 0.00683225
97	 0.00677387
98	 0.00671675
99	 0.00666084
100	 0.00660612
101	 0.00655253
102	 0.00650005
103	 0.00644864
104	 0.00639826
105	 0.00634888
106	 0.00630048
107	 0.00625301
108	 0.00620647
109	 0.0061608
110	 0.00611601
111	 0.00607204
112	 0.00602889
113	 0.00598653
114	 0.00594493
115	 0.00590408
116	 0.00586395
117	 0.00582453
118	 0.00578579
119	 0.00574772
120	 0.0057103
121	 0.00567351
122	 0.00563734
123	 0.00560176
124	 0.00556677
125	 0.00553235
126	 0.00549848
127	 0.00546515
128	 0.00543235
129	 0.00540006
130	 0.00536828
131	 0.00533698
132	 0.00530617
133	 0.00527581
134	 0.00524592
135	 0.00521646
136	 0.00518745
137	 0.00515885
138	 0.00513067
139	 0.0051029
140	 0.00507552
141	 0.00504853
142	 0.00502191
143	 0.00499567
144	 0.00496979
145	 0.00494426
146	 0.00491908
147	 0.00489424
148	 0.00486973
149	 0.00484554
150	 0.00482167
151	 0.00479812
152	 0.00477487
153	 0.00475192
154	 0.00472926
155	 0.00470688
156	 0.00468479
157	 0.00466298
158	 0.00464143
159	 0.00462015
160	 0.00459913
161	 0.00457836
162	 0.00455785
163	 0.00453758
164	 0.00451754
165	 0.00449775
166	 0.00447818
167	 0.00445885
168	 0.00443973
169	 0.00442084
170	 0.00440216
171	 0.00438369
172	 0.00436543
173	 0.00434737
174	 0.00432951
175	 0.00431185
176	 0.00429438
177	 0.0042771
178	 0.00426
179	 0.00424309
180	 0.00422636
181	 0.00420981
182	 0.00419343
183	 0.00417722
184	 0.00416118
185	 0.0041453
186	 0.00412959
187	 0.00411403
188	 0.00409864
189	 0.0040834
190	 0.00406831
191	 0.00405337
192	 0.00403858
193	 0.00402393
194	 0.00400943
195	 0.00399506
196	 0.00398084
197	 0.00396675
198	 0.0039528
199	 0.00393898
200	 0.00392528
201	 0.00391172
202	 0.00389828
203	 0.00388497
204	 0.00387178
205	 0.00385871
206	 0.00384576
207	 0.00383292
208	 0.0038202
209	 0.0038076
210	 0.00379511
211	 0.00378272
212	 0.00377045
213	 0.00375828
214	 0.00374622
215	 0.00373427
216	 0.00372242
217	 0.00371066
218	 0.00369901
219	 0.00368746
220	 0.003676
221	 0.00366465
222	 0.00365338
223	 0.00364221
224	 0.00363113
225	 0.00362014
226	 0.00360924
227	 0.00359843
228	 0.00358771
229	 0.00357708
230	 0.00356653
231	 0.00355606
232	 0.00354567
233	 0.00353537
234	 0.00352515
235	 0.00351501
236	 0.00350495
237	 0.00349496
238	 0.00348505
239	 0.00347522
240	 0.00346546
241	 0.00345578
242	 0.00344617
243	 0.00343663
244	 0.00342717
245	 0.00341777
246	 0.00340844
247	 0.00339918
248	 0.00338999
249	 0.00338087
250	 0.00337181
251	 0.00336282
252	 0.0033539
253	 0.00334503
254	 0.00333623
255	 0.0033275
256	 0.00331882
257	 0.00331021
258	 0.00330165
259	 0.00329316
260	 0.00328472
261	 0.00327635
262	 0.00326803
263	 0.00325977
264	 0.00325156
265	 0.00324341
266	 0.00323532
267	 0.00322728
268	 0.00321929
269	 0.00321136
270	 0.00320348
271	 0.00319565
272	 0.00318787
273	 0.00318015
274	 0.00317247
275	 0.00316484
276	 0.00315727
277	 0.00314974
278	 0.00314226
279	 0.00313483
280	 0.00312745
281	 0.00312011
282	 0.00311282
283	 0.00310558
284	 0.00309838
285	 0.00309123
286	 0.00308412
287	 0.00307705
288	 0.00307003
289	 0.00306305
290	 0.00305612
291	 0.00304922
292	 0.00304237
293	 0.00303556
294	 0.00302879
295	 0.00302207
296	 0.00301538
297	 0.00300873
298	 0.00300212
299	 0.00299555
300	 0.00298902
301	 0.00298253
302	 0.00297607
303	 0.00296966
304	 0.00296328
305	 0.00295693
306	 0.00295063
307	 0.00294436
308	 0.00293812
309	 0.00293192
310	 0.00292576
311	 0.00291963
312	 0.00291353
313	 0.00290747
314	 0.00290145
315	 0.00289545
316	 0.00288949
317	 0.00288357
318	 0.00287767
319	 0.00287181
320	 0.00286598
321	 0.00286018
322	 0.00285442
323	 0.00284868
324	 0.00284298
325	 0.0028373
326	 0.00283166
327	 0.00282605
328	 0.00282046
329	 0.00281491
330	 0.00280939
331	 0.00280389
332	 0.00279842
333	 0.00279299
334	 0.00278758
335	 0.00278219
336	 0.00277684
337	 0.00277151
338	 0.00276622
339	 0.00276094
340	 0.0027557
341	 0.00275048
342	 0.00274529
343	 0.00274012
344	 0.00273498
345	 0.00272987
346	 0.00272478
347	 0.00271972
348	 0.00271468
349	 0.00270967
350	 0.00270468
351	 0.00269972
352	 0.00269478
353	 0.00268986
354	 0.00268497
355	 0.00268011
356	 0.00267526
357	 0.00267044
358	 0.00266565
359	 0.00266087
360	 0.00265612
361	 0.00265139
362	 0.00264669
363	 0.002642
364	 0.00263734
365	 0.0026327
366	 0.00262808
367	 0.00262349
368	 0.00261891
369	 0.00261436
370	 0.00260983
371	 0.00260531
372	 0.00260082
373	 0.00259635
374	 0.0025919
375	 0.00258747
376	 0.00258307
377	 0.00257868
378	 0.00257431
379	 0.00256996
380	 0.00256563
381	 0.00256132
382	 0.00255703
383	 0.00255275
384	 0.0025485
385	 0.00254427
386	 0.00254005
387	 0.00253585
388	 0.00253167
389	 0.00252751
390	 0.00252337
391	 0.00251925
392	 0.00251514
393	 0.00251105
394	 0.00250698
395	 0.00250293
396	 0.00249889
397	 0.00249487
398	 0.00249087
399	 0.00248689
400	 0.00248292
401	 0.00247897
402	 0.00247504
403	 0.00247112
404	 0.00246722
405	 0.00246333
406	 0.00245947
407	 0.00245561
408	 0.00245178
409	 0.00244796
410	 0.00244415
411	 0.00244036
412	 0.00243659
413	 0.00243283
414	 0.00242909
415	 0.00242536
416	 0.00242165
417	 0.00241795
418	 0.00241427
419	 0.0024106
420	 0.00240695
421	 0.00240331
422	 0.00239969
423	 0.00239608
424	 0.00239248
425	 0.0023889
426	 0.00238534
427	 0.00238178
428	 0.00237825
429	 0.00237472
430	 0.00237121
431	 0.00236771
432	 0.00236423
433	 0.00236076
434	 0.00235731
435	 0.00235386
436	 0.00235043
437	 0.00234702
438	 0.00234361
439	 0.00234022
440	 0.00233685
441	 0.00233348
442	 0.00233013
443	 0.00232679
444	 0.00232346
445	 0.00232015
446	 0.00231685
447	 0.00231356
448	 0.00231028
449	 0.00230702
450	 0.00230377
451	 0.00230052
452	 0.0022973
453	 0.00229408
454	 0.00229088
455	 0.00228768
456	 0.0022845
457	 0.00228133
458	 0.00227817
459	 0.00227503
460	 0.00227189
461	 0.00226877
462	 0.00226566
463	 0.00226256
464	 0.00225947
465	 0.00225639
466	 0.00225332
467	 0.00225026
468	 0.00224722
469	 0.00224418
470	 0.00224116
471	 0.00223814
472	 0.00223514
473	 0.00223215
474	 0.00222917
475	 0.00222619
476	 0.00222323
477	 0.00222028
478	 0.00221734
479	 0.00221441
480	 0.00221149
481	 0.00220858
482	 0.00220568
483	 0.00220279
484	 0.00219991
485	 0.00219704
486	 0.00219418
487	 0.00219133
488	 0.00218849
489	 0.00218566
490	 0.00218284
491	 0.00218002
492	 0.00217722
493	 0.00217443
494	 0.00217164
495	 0.00216887
496	 0.0021661
497	 0.00216335
498	 0.0021606
499	 0.00215786
500	 0.00215513
501	 0.00215241
502	 0.0021497
503	 0.002147
504	 0.00214431
505	 0.00214162
506	 0.00213895
507	 0.00213628
508	 0.00213362
509	 0.00213097
510	 0.00212833
511	 0.0021257
512	 0.00212308
513	 0.00212046
514	 0.00211786
515	 0.00211526
516	 0.00211267
517	 0.00211008
518	 0.00210751
519	 0.00210495
520	 0.00210239
521	 0.00209984
522	 0.0020973
523	 0.00209476
524	 0.00209224
525	 0.00208972
526	 0.00208721
527	 0.00208471
528	 0.00208222
529	 0.00207973
530	 0.00207725
531	 0.00207478
532	 0.00207232
533	 0.00206986
534	 0.00206742
535	 0.00206498
536	 0.00206254
537	 0.00206012
538	 0.0020577
539	 0.00205529
540	 0.00205289
541	 0.00205049
542	 0.0020481
543	 0.00204572
544	 0.00204335
545	 0.00204098
546	 0.00203862
547	 0.00203627
548	 0.00203392
549	 0.00203158
550	 0.00202925
551	 0.00202692
552	 0.00202461
553	 0.0020223
554	 0.00201999
555	 0.00201769
556	 0.0020154
557	 0.00201312
558	 0.00201084
559	 0.00200857
560	 0.00200631
561	 0.00200405
562	 0.0020018
563	 0.00199956
564	 0.00199732
565	 0.00199509
566	 0.00199286
567	 0.00199064
568	 0.00198843
569	 0.00198623
570	 0.00198403
571	 0.00198183
572	 0.00197965
573	 0.00197747
574	 0.00197529
575	 0.00197313
576	 0.00197096
577	 0.00196881
578	 0.00196666
579	 0.00196451
580	 0.00196238
581	 0.00196025
582	 0.00195812
583	 0.001956
584	 0.00195389
585	 0.00195178
586	 0.00194968
587	 0.00194758
588	 0.00194549
589	 0.00194341
590	 0.00194133
591	 0.00193926
592	 0.00193719
593	 0.00193513
594	 0.00193307
595	 0.00193102
596	 0.00192898
597	 0.00192694
598	 0.0019249
599	 0.00192288
600	 0.00192085
601	 0.00191884
602	 0.00191683
603	 0.00191482
604	 0.00191282
605	 0.00191082
606	 0.00190883
607	 0.00190685
608	 0.00190487
609	 0.0019029
610	 0.00190093
611	 0.00189896
612	 0.00189701
613	 0.00189505
614	 0.0018931
615	 0.00189116
616	 0.00188922
617	 0.00188729
618	 0.00188536
619	 0.00188344
620	 0.00188153
621	 0.00187961
622	 0.00187771
623	 0.0018758
624	 0.00187391
625	 0.00187201
626	 0.00187013
627	 0.00186824
628	 0.00186637
629	 0.00186449
630	 0.00186263
631	 0.00186076
632	 0.0018589
633	 0.00185705
634	 0.0018552
635	 0.00185336
636	 0.00185152
637	 0.00184968
638	 0.00184785
639	 0.00184603
640	 0.00184421
641	 0.00184239
642	 0.00184058
643	 0.00183877
644	 0.00183697
645	 0.00183517
646	 0.00183338
647	 0.00183159
648	 0.0018298
649	 0.00182802
650	 0.00182625
651	 0.00182448
652	 0.00182271
653	 0.00182095
654	 0.00181919
655	 0.00181743
656	 0.00181568
657	 0.00181394
658	 0.0018122
659	 0.00181046
660	 0.00180873
661	 0.001807
662	 0.00180528
663	 0.00180356
664	 0.00180184
665	 0.00180013
666	 0.00179842
667	 0.00179672
668	 0.00179502
669	 0.00179333
670	 0.00179164
671	 0.00178995
672	 0.00178827
673	 0.00178659
674	 0.00178491
675	 0.00178324
676	 0.00178158
677	 0.00177991
678	 0.00177826
679	 0.0017766
680	 0.00177495
681	 0.0017733
682	 0.00177166
683	 0.00177002
684	 0.00176839
685	 0.00176675
686	 0.00176513
687	 0.0017635
688	 0.00176188
689	 0.00176027
690	 0.00175865
691	 0.00175705
692	 0.00175544
693	 0.00175384
694	 0.00175224
695	 0.00175065
696	 0.00174906
697	 0.00174747
698	 0.00174589
699	 0.00174431
700	 0.00174274
701	 0.00174116
702	 0.0017396
703	 0.00173803
704	 0.00173647
705	 0.00173491
706	 0.00173336
707	 0.00173181
708	 0.00173026
709	 0.00172872
710	 0.00172718
711	 0.00172564
712	 0.00172411
713	 0.00172258
714	 0.00172106
715	 0.00171953
716	 0.00171801
717	 0.0017165
718	 0.00171499
719	 0.00171348
720	 0.00171197
721	 0.00171047
722	 0.00170897
723	 0.00170747
724	 0.00170598
725	 0.00170449
726	 0.00170301
727	 0.00170153
728	 0.00170005
729	 0.00169857
730	 0.0016971
731	 0.00169563
732	 0.00169416
733	 0.0016927
734	 0.00169124
735	 0.00168978
736	 0.00168833
737	 0.00168688
738	 0.00168543
739	 0.00168399
740	 0.00168255
741	 0.00168111
742	 0.00167968
743	 0.00167825
744	 0.00167682
745	 0.00167539
746	 0.00167397
747	 0.00167255
748	 0.00167114
749	 0.00166972
750	 0.00166831
751	 0.00166691
752	 0.0016655
753	 0.0016641
754	 0.0016627
755	 0.00166131
756	 0.00165992
757	 0.00165853
758	 0.00165714
759	 0.00165576
760	 0.00165438
761	 0.001653
762	 0.00165162
763	 0.00165025
764	 0.00164888
765	 0.00164752
766	 0.00164615
767	 0.00164479
768	 0.00164344
769	 0.00164208
770	 0.00164073
771	 0.00163938
772	 0.00163804
773	 0.00163669
774	 0.00163535
775	 0.00163401
776	 0.00163268
777	 0.00163135
778	 0.00163002
779	 0.00162869
780	 0.00162737
781	 0.00162604
782	 0.00162473
783	 0.00162341
784	 0.0016221
785	 0.00162078
786	 0.00161948
787	 0.00161817
788	 0.00161687
789	 0.00161557
790	 0.00161427
791	 0.00161298
792	 0.00161168
793	 0.00161039
794	 0.00160911
795	 0.00160782
796	 0.00160654
797	 0.00160526
798	 0.00160398
799	 0.00160271
800	 0.00160144
801	 0.00160017
802	 0.0015989
803	 0.00159764
804	 0.00159638
805	 0.00159512
806	 0.00159386
807	 0.00159261
808	 0.00159136
809	 0.00159011
810	 0.00158886
811	 0.00158761
812	 0.00158637
813	 0.00158513
814	 0.0015839
815	 0.00158266
816	 0.00158143
817	 0.0015802
818	 0.00157897
819	 0.00157775
820	 0.00157652
821	 0.0015753
822	 0.00157409
823	 0.00157287
824	 0.00157166
825	 0.00157045
826	 0.00156924
827	 0.00156803
828	 0.00156683
829	 0.00156563
830	 0.00156443
831	 0.00156323
832	 0.00156204
833	 0.00156084
834	 0.00155965
835	 0.00155847
836	 0.00155728
837	 0.0015561
838	 0.00155491
839	 0.00155374
840	 0.00155256
841	 0.00155138
842	 0.00155021
843	 0.00154904
844	 0.00154787
845	 0.00154671
846	 0.00154555
847	 0.00154438
848	 0.00154323
849	 0.00154207
850	 0.00154091
851	 0.00153976
852	 0.00153861
853	 0.00153746
854	 0.00153632
855	 0.00153517
856	 0.00153403
857	 0.00153289
858	 0.00153175
859	 0.00153062
860	 0.00152948
861	 0.00152835
862	 0.00152722
863	 0.0015261
864	 0.00152497
865	 0.00152385
866	 0.00152273
867	 0.00152161
868	 0.00152049
869	 0.00151937
870	 0.00151826
871	 0.00151715
872	 0.00151604
873	 0.00151493
874	 0.00151383
875	 0.00151273
876	 0.00151163
877	 0.00151053
878	 0.00150943
879	 0.00150834
880	 0.00150724
881	 0.00150615
882	 0.00150506
883	 0.00150397
884	 0.00150289
885	 0.00150181
886	 0.00150073
887	 0.00149965
888	 0.00149857
889	 0.00149749
890	 0.00149642
891	 0.00149535
892	 0.00149428
893	 0.00149321
894	 0.00149214
895	 0.00149108
896	 0.00149002
897	 0.00148896
898	 0.0014879
899	 0.00148684
900	 0.00148579
901	 0.00148473
902	 0.00148368
903	 0.00148263
904	 0.00148159
905	 0.00148054
906	 0.0014795
907	 0.00147845
908	 0.00147741
909	 0.00147637
910	 0.00147534
911	 0.0014743
912	 0.00147327
913	 0.00147224
914	 0.00147121
915	 0.00147018
916	 0.00146916
917	 0.00146813
918	 0.00146711
919	 0.00146609
920	 0.00146507
921	 0.00146405
922	 0.00146304
923	 0.00146202
924	 0.00146101
925	 0.00146
926	 0.00145899
927	 0.00145799
928	 0.00145698
929	 0.00145598
930	 0.00145498
931	 0.00145398
932	 0.00145298
933	 0.00145198
934	 0.00145099
935	 0.00144999
936	 0.001449
937	 0.00144801
938	 0.00144702
939	 0.00144604
940	 0.00144505
941	 0.00144407
942	 0.00144308
943	 0.0014421
944	 0.00144113
945	 0.00144015
946	 0.00143917
947	 0.0014382
948	 0.00143723
949	 0.00143626
950	 0.00143529
951	 0.00143432
952	 0.00143336
953	 0.00143239
954	 0.00143143
955	 0.00143047
956	 0.00142951
957	 0.00142855
958	 0.0014276
959	 0.00142664
960	 0.00142569
961	 0.00142474
962	 0.00142379
963	 0.00142284
964	 0.00142189
965	 0.00142095
966	 0.00142
967	 0.00141906
968	 0.00141812
969	 0.00141718
970	 0.00141624
971	 0.00141531
972	 0.00141437
973	 0.00141344
974	 0.00141251
975	 0.00141158
976	 0.00141065
977	 0.00140972
978	 0.0014088
979	 0.00140787
980	 0.00140695
981	 0.00140603
982	 0.00140511
983	 0.00140419
984	 0.00140327
985	 0.00140236
986	 0.00140144
987	 0.00140053
988	 0.00139962
989	 0.00139871
990	 0.0013978
991	 0.00139689
992	 0.00139599
993	 0.00139508
994	 0.00139418
995	 0.00139328
996	 0.00139238
997	 0.00139148
998	 0.00139059
999	 0.00138969
1000	 0.0013888
1001	 0.0013879
1002	 0.00138701
1003	 0.00138612
1004	 0.00138523
1005	 0.00138435
1006	 0.00138346
1007	 0.00138258
1008	 0.00138169
1009	 0.00138081
1010	 0.00137993
1011	 0.00137905
1012	 0.00137817
1013	 0.0013773
1014	 0.00137642
1015	 0.00137555
1016	 0.00137468
1017	 0.00137381
1018	 0.00137294
1019	 0.00137207
1020	 0.0013712
1021	 0.00137034
1022	 0.00136947
1023	 0.00136861
1024	 0.00136775
1025	 0.00136689
1026	 0.00136603
1027	 0.00136517
1028	 0.00136431
1029	 0.00136346
1030	 0.0013626
1031	 0.00136175
1032	 0.0013609
1033	 0.00136005
1034	 0.0013592
1035	 0.00135835
1036	 0.00135751
1037	 0.00135666
1038	 0.00135582
1039	 0.00135498
1040	 0.00135413
1041	 0.00135329
1042	 0.00135246
1043	 0.00135162
1044	 0.00135078
1045	 0.00134995
1046	 0.00134911
1047	 0.00134828
1048	 0.00134745
1049	 0.00134662
1050	 0.00134579
1051	 0.00134496
1052	 0.00134414
1053	 0.00134331
1054	 0.00134249
1055	 0.00134166
1056	 0.00134084
1057	 0.00134002
1058	 0.0013392
1059	 0.00133838
1060	 0.00133757
1061	 0.00133675
1062	 0.00133594
1063	 0.00133512
1064	 0.00133431
1065	 0.0013335
1066	 0.00133269
1067	 0.00133188
1068	 0.00133108
1069	 0.00133027
1070	 0.00132946
1071	 0.00132866
1072	 0.00132786
1073	 0.00132706
1074	 0.00132626
1075	 0.00132546
1076	 0.00132466
1077	 0.00132386
1078	 0.00132307
1079	 0.00132227
1080	 0.00132148
1081	 0.00132068
1082	 0.00131989
1083	 0.0013191
1084	 0.00131831
1085	 0.00131753
1086	 0.00131674
1087	 0.00131595
1088	 0.00131517
1089	 0.00131439
1090	 0.0013136
1091	 0.00131282
1092	 0.00131204
1093	 0.00131126
1094	 0.00131048
1095	 0.00130971
1096	 0.00130893
1097	 0.00130816
1098	 0.00130738
1099	 0.00130661
1100	 0.00130584
1101	 0.00130507
1102	 0.0013043
1103	 0.00130353
1104	 0.00130276
1105	 0.001302
1106	 0.00130123
1107	 0.00130047
1108	 0.00129971
1109	 0.00129894
1110	 0.00129818
1111	 0.00129742
1112	 0.00129666
1113	 0.00129591
1114	 0.00129515
1115	 0.00129439
1116	 0.00129364
1117	 0.00129289
1118	 0.00129213
1119	 0.00129138
1120	 0.00129063
1121	 0.00128988
1122	 0.00128913
1123	 0.00128839
1124	 0.00128764
1125	 0.00128689
1126	 0.00128615
1127	 0.00128541
1128	 0.00128466
1129	 0.00128392
1130	 0.00128318
1131	 0.00128244
1132	 0.0012817
1133	 0.00128097
1134	 0.00128023
1135	 0.00127949
1136	 0.00127876
1137	 0.00127803
1138	 0.00127729
1139	 0.00127656
1140	 0.00127583
1141	 0.0012751
1142	 0.00127437
1143	 0.00127365
1144	 0.00127292
1145	 0.00127219
1146	 0.00127147
1147	 0.00127075
1148	 0.00127002
1149	 0.0012693
1150	 0.00126858
1151	 0.00126786
1152	 0.00126714
1153	 0.00126642
1154	 0.00126571
1155	 0.00126499
1156	 0.00126428
1157	 0.00126356
1158	 0.00126285
1159	 0.00126214
1160	 0.00126142
1161	 0.00126071
1162	 0.00126
1163	 0.0012593
1164	 0.00125859
1165	 0.00125788
1166	 0.00125718
1167	 0.00125647
1168	 0.00125577
1169	 0.00125506
1170	 0.00125436
1171	 0.00125366
1172	 0.00125296
1173	 0.00125226
1174	 0.00125156
1175	 0.00125086
1176	 0.00125017
1177	 0.00124947
1178	 0.00124878
1179	 0.00124808
1180	 0.00124739
1181	 0.0012467
1182	 0.001246
1183	 0.00124531
1184	 0.00124462
1185	 0.00124393
1186	 0.00124325
1187	 0.00124256
1188	 0.00124187
1189	 0.00124119
1190	 0.0012405
1191	 0.00123982
1192	 0.00123914
1193	 0.00123846
1194	 0.00123777
1195	 0.00123709
1196	 0.00123642
1197	 0.00123574
1198	 0.00123506
1199	 0.00123438
1200	 0.00123371
1201	 0.00123303
1202	 0.00123236
1203	 0.00123168
1204	 0.00123101
1205	 0.00123034
1206	 0.00122967
1207	 0.001229
1208	 0.00122833
1209	 0.00122766
1210	 0.00122699
1211	 0.00122633
1212	 0.00122566
1213	 0.001225
1214	 0.00122433
1215	 0.00122367
1216	 0.00122301
1217	 0.00122234
1218	 0.00122168
1219	 0.00122102
1220	 0.00122036
1221	 0.00121971
1222	 0.00121905
1223	 0.00121839
1224	 0.00121774
1225	 0.00121708
1226	 0.00121643
1227	 0.00121577
1228	 0.00121512
1229	 0.00121447
1230	 0.00121382
1231	 0.00121317
1232	 0.00121252
1233	 0.00121187
1234	 0.00121122
1235	 0.00121057
1236	 0.00120992
1237	 0.00120928
1238	 0.00120863
1239	 0.00120799
1240	 0.00120735
1241	 0.0012067
1242	 0.00120606
1243	 0.00120542
1244	 0.00120478
1245	 0.00120414
1246	 0.0012035
1247	 0.00120286
1248	 0.00120223
1249	 0.00120159
1250	 0.00120095
1251	 0.00120032
1252	 0.00119968
1253	 0.00119905
1254	 0.00119842
1255	 0.00119779
1256	 0.00119715
1257	 0.00119652
1258	 0.00119589
1259	 0.00119527
1260	 0.00119464
1261	 0.00119401
1262	 0.00119338
1263	 0.00119276
1264	 0.00119213
1265	 0.00119151
1266	 0.00119088
1267	 0.00119026
1268	 0.00118964
1269	 0.00118902
1270	 0.00118839
1271	 0.00118777
1272	 0.00118715
1273	 0.00118654
1274	 0.00118592
1275	 0.0011853
1276	 0.00118468
1277	 0.00118407
1278	 0.00118345
1279	 0.00118284
1280	 0.00118222
1281	 0.00118161
1282	 0.001181
1283	 0.00118039
1284	 0.00117978
1285	 0.00117917
1286	 0.00117856
1287	 0.00117795
1288	 0.00117734
1289	 0.00117673
1290	 0.00117612
1291	 0.00117552
1292	 0.00117491
1293	 0.00117431
1294	 0.0011737
1295	 0.0011731
1296	 0.0011725
1297	 0.0011719
1298	 0.0011713
1299	 0.00117069
1300	 0.00117009
1301	 0.0011695
1302	 0.0011689
1303	 0.0011683
1304	 0.0011677
1305	 0.00116711
1306	 0.00116651
1307	 0.00116591
1308	 0.00116532
1309	 0.00116473
1310	 0.00116413
1311	 0.00116354
1312	 0.00116295
1313	 0.00116236
1314	 0.00116177
1315	 0.00116118
1316	 0.00116059
1317	 0.00116
1318	 0.00115941
1319	 0.00115882
1320	 0.00115824
1321	 0.00115765
1322	 0.00115707
1323	 0.00115648
1324	 0.0011559
1325	 0.00115531
1326	 0.00115473
1327	 0.00115415
1328	 0.00115357
1329	 0.00115299
1330	 0.00115241
1331	 0.00115183
1332	 0.00115125
1333	 0.00115067
1334	 0.00115009
1335	 0.00114952
1336	 0.00114894
1337	 0.00114836
1338	 0.00114779
1339	 0.00114721
1340	 0.00114664
1341	 0.00114607
1342	 0.00114549
1343	 0.00114492
1344	 0.00114435
1345	 0.00114378
1346	 0.00114321
1347	 0.00114264
1348	 0.00114207
1349	 0.0011415
1350	 0.00114094
1351	 0.00114037
1352	 0.0011398
1353	 0.00113924
1354	 0.00113867
1355	 0.00113811
1356	 0.00113754
1357	 0.00113698
1358	 0.00113642
1359	 0.00113585
1360	 0.00113529
1361	 0.00113473
1362	 0.00113417
1363	 0.00113361
1364	 0.00113305
1365	 0.00113249
1366	 0.00113193
1367	 0.00113138
1368	 0.00113082
1369	 0.00113026
1370	 0.00112971
1371	 0.00112915
1372	 0.0011286
1373	 0.00112804
1374	 0.00112749
1375	 0.00112694
1376	 0.00112639
1377	 0.00112583
1378	 0.00112528
1379	 0.00112473
1380	 0.00112418
1381	 0.00112363
1382	 0.00112308
1383	 0.00112254
1384	 0.00112199
1385	 0.00112144
1386	 0.0011209
1387	 0.00112035
1388	 0.0011198
1389	 0.00111926
1390	 0.00111872
1391	 0.00111817
1392	 0.00111763
1393	 0.00111709
1394	 0.00111654
1395	 0.001116
1396	 0.00111546
1397	 0.00111492
1398	 0.00111438
1399	 0.00111384
1400	 0.0011133
1401	 0.00111277
1402	 0.00111223
1403	 0.00111169
1404	 0.00111115
1405	 0.00111062
1406	 0.00111008
1407	 0.00110955
1408	 0.00110901
1409	 0.00110848
1410	 0.00110795
1411	 0.00110741
1412	 0.00110688
1413	 0.00110635
1414	 0.00110582
1415	 0.00110529
1416	 0.00110476
1417	 0.00110423
1418	 0.0011037
1419	 0.00110317
1420	 0.00110265
1421	 0.00110212
1422	 0.00110159
1423	 0.00110107
1424	 0.00110054
1425	 0.00110001
1426	 0.00109949
1427	 0.00109897
1428	 0.00109844
1429	 0.00109792
1430	 0.0010974
1431	 0.00109687
1432	 0.00109635
1433	 0.00109583
1434	 0.00109531
1435	 0.00109479
1436	 0.00109427
1437	 0.00109375
1438	 0.00109323
1439	 0.00109272
1440	 0.0010922
1441	 0.00109168
1442	 0.00109117
1443	 0.00109065
1444	 0.00109013
1445	 0.00108962
1446	 0.00108911
1447	 0.00108859
1448	 0.00108808
1449	 0.00108756
1450	 0.00108705
1451	 0.00108654
1452	 0.00108603
1453	 0.00108552
1454	 0.00108501
1455	 0.0010845
1456	 0.00108399
1457	 0.00108348
1458	 0.00108297
1459	 0.00108246
1460	 0.00108196
1461	 0.00108145
1462	 0.00108094
1463	 0.00108044
1464	 0.00107993
1465	 0.00107943
1466	 0.00107892
1467	 0.00107842
1468	 0.00107791
1469	 0.00107741
1470	 0.00107691
1471	 0.00107641
1472	 0.00107591
1473	 0.0010754
1474	 0.0010749
1475	 0.0010744
1476	 0.0010739
1477	 0.0010734
1478	 0.00107291
1479	 0.00107241
1480	 0.00107191
1481	 0.00107141
1482	 0.00107092
1483	 0.00107042
1484	 0.00106992
1485	 0.00106943
1486	 0.00106893
1487	 0.00106844
1488	 0.00106794
1489	 0.00106745
1490	 0.00106696
1491	 0.00106646
1492	 0.00106597
1493	 0.00106548
1494	 0.00106499
1495	 0.0010645
1496	 0.00106401
1497	 0.00106352
1498	 0.00106303
1499	 0.00106254
1500	 0.00106205
1501	 0.00106156
1502	 0.00106108
1503	 0.00106059
1504	 0.0010601
1505	 0.00105962
1506	 0.00105913
1507	 0.00105864
1508	 0.00105816
1509	 0.00105767
1510	 0.00105719
1511	 0.00105671
1512	 0.00105622
1513	 0.00105574
1514	 0.00105526
1515	 0.00105478
1516	 0.0010543
1517	 0.00105381
1518	 0.00105333
1519	 0.00105285
1520	 0.00105237
1521	 0.0010519
1522	 0.00105142
1523	 0.00105094
1524	 0.00105046
1525	 0.00104998
1526	 0.00104951
1527	 0.00104903
1528	 0.00104855
1529	 0.00104808
1530	 0.0010476
1531	 0.00104713
1532	 0.00104665
1533	 0.00104618
1534	 0.00104571
1535	 0.00104523
1536	 0.00104476
1537	 0.00104429
1538	 0.00104382
1539	 0.00104334
1540	 0.00104287
1541	 0.0010424
1542	 0.00104193
1543	 0.00104146
1544	 0.00104099
1545	 0.00104052
1546	 0.00104006
1547	 0.00103959
1548	 0.00103912
1549	 0.00103865
1550	 0.00103819
1551	 0.00103772
1552	 0.00103725
1553	 0.00103679
1554	 0.00103632
1555	 0.00103586
1556	 0.00103539
1557	 0.00103493
1558	 0.00103447
1559	 0.001034
1560	 0.00103354
1561	 0.00103308
1562	 0.00103261
1563	 0.00103215
1564	 0.00103169
1565	 0.00103123
1566	 0.00103077
1567	 0.00103031
1568	 0.00102985
1569	 0.00102939
1570	 0.00102893
1571	 0.00102848
1572	 0.00102802
1573	 0.00102756
1574	 0.0010271
1575	 0.00102665
1576	 0.00102619
1577	 0.00102573
1578	 0.00102528
1579	 0.00102482
1580	 0.00102437
1581	 0.00102391
1582	 0.00102346
1583	 0.00102301
1584	 0.00102255
1585	 0.0010221
1586	 0.00102165
1587	 0.0010212
1588	 0.00102074
1589	 0.00102029
1590	 0.00101984
1591	 0.00101939
1592	 0.00101894
1593	 0.00101849
1594	 0.00101804
1595	 0.00101759
1596	 0.00101714
1597	 0.0010167
1598	 0.00101625
1599	 0.0010158
1600	 0.00101535
1601	 0.00101491
1602	 0.00101446
1603	 0.00101401
1604	 0.00101357
1605	 0.00101312
1606	 0.00101268
1607	 0.00101223
1608	 0.00101179
1609	 0.00101135
1610	 0.0010109
1611	 0.00101046
1612	 0.00101002
1613	 0.00100958
1614	 0.00100913
1615	 0.00100869
1616	 0.00100825
1617	 0.00100781
1618	 0.00100737
1619	 0.00100693
1620	 0.00100649
1621	 0.00100605
1622	 0.00100561
1623	 0.00100517
1624	 0.00100474
1625	 0.0010043
1626	 0.00100386
1627	 0.00100342
1628	 0.00100299
1629	 0.00100255
1630	 0.00100211
1631	 0.00100168
1632	 0.00100124
1633	 0.00100081
1634	 0.00100037
1635	 0.000999939
1636	 0.000999505
1637	 0.000999071
1638	 0.000998638
1639	 0.000998205
1640	 0.000997773
1641	 0.000997341
1642	 0.000996909
1643	 0.000996478
1644	 0.000996046
1645	 0.000995616
1646	 0.000995185
1647	 0.000994755
1648	 0.000994326
1649	 0.000993896
1650	 0.000993467
1651	 0.000993039
1652	 0.00099261
1653	 0.000992182
1654	 0.000991755
1655	 0.000991327
1656	 0.000990901
1657	 0.000990474
1658	 0.000990048
1659	 0.000989622
1660	 0.000989196
1661	 0.000988771
1662	 0.000988346
1663	 0.000987922
1664	 0.000987497
1665	 0.000987074
1666	 0.00098665
1667	 0.000986227
1668	 0.000985804
1669	 0.000985381
1670	 0.000984959
1671	 0.000984537
1672	 0.000984116
1673	 0.000983695
1674	 0.000983274
1675	 0.000982853
1676	 0.000982433
1677	 0.000982013
1678	 0.000981594
1679	 0.000981175
1680	 0.000980756
1681	 0.000980337
1682	 0.000979919
1683	 0.000979501
1684	 0.000979084
1685	 0.000978666
1686	 0.000978249
1687	 0.000977833
1688	 0.000977417
1689	 0.000977001
1690	 0.000976585
1691	 0.00097617
1692	 0.000975755
1693	 0.00097534
1694	 0.000974926
1695	 0.000974512
1696	 0.000974098
1697	 0.000973685
1698	 0.000973272
1699	 0.000972859
1700	 0.000972447
1701	 0.000972035
1702	 0.000971623
1703	 0.000971211
1704	 0.0009708
1705	 0.00097039
1706	 0.000969979
1707	 0.000969569
1708	 0.000969159
1709	 0.000968749
1710	 0.00096834
1711	 0.000967931
1712	 0.000967523
1713	 0.000967114
1714	 0.000966706
1715	 0.000966299
1716	 0.000965891
1717	 0.000965484
1718	 0.000965078
1719	 0.000964671
1720	 0.000964265
1721	 0.000963859
1722	 0.000963454
1723	 0.000963048
1724	 0.000962644
1725	 0.000962239
1726	 0.000961835
1727	 0.000961431
1728	 0.000961027
1729	 0.000960624
1730	 0.00096022
1731	 0.000959818
1732	 0.000959415
1733	 0.000959013
1734	 0.000958611
1735	 0.00095821
1736	 0.000957808
1737	 0.000957407
1738	 0.000957007
1739	 0.000956606
1740	 0.000956206
1741	 0.000955806
1742	 0.000955407
1743	 0.000955008
1744	 0.000954609
1745	 0.00095421
1746	 0.000953812
1747	 0.000953414
1748	 0.000953016
1749	 0.000952619
1750	 0.000952222
1751	 0.000951825
1752	 0.000951428
1753	 0.000951032
1754	 0.000950636
1755	 0.000950241
1756	 0.000949845
1757	 0.00094945
1758	 0.000949055
1759	 0.000948661
1760	 0.000948267
1761	 0.000947873
1762	 0.000947479
1763	 0.000947086
1764	 0.000946693
1765	 0.0009463
1766	 0.000945907
1767	 0.000945515
1768	 0.000945123
1769	 0.000944732
1770	 0.00094434
1771	 0.000943949
1772	 0.000943558
1773	 0.000943168
1774	 0.000942778
1775	 0.000942388
1776	 0.000941998
1777	 0.000941609
1778	 0.00094122
1779	 0.000940831
1780	 0.000940442
1781	 0.000940054
1782	 0.000939666
1783	 0.000939278
1784	 0.000938891
1785	 0.000938504
1786	 0.000938117
1787	 0.00093773
1788	 0.000937344
1789	 0.000936958
1790	 0.000936572
1791	 0.000936187
1792	 0.000935802
1793	 0.000935417
1794	 0.000935032
1795	 0.000934648
1796	 0.000934264
1797	 0.00093388
1798	 0.000933496
1799	 0.000933113
1800	 0.00093273
1801	 0.000932347
1802	 0.000931965
1803	 0.000931582
1804	 0.0009312
1805	 0.000930819
1806	 0.000930437
1807	 0.000930056
1808	 0.000929675
1809	 0.000929295
1810	 0.000928914
1811	 0.000928534
1812	 0.000928154
1813	 0.000927775
1814	 0.000927396
1815	 0.000927017
1816	 0.000926638
1817	 0.000926259
1818	 0.000925881
1819	 0.000925503
1820	 0.000925126
1821	 0.000924748
1822	 0.000924371
1823	 0.000923994
1824	 0.000923617
1825	 0.000923241
1826	 0.000922865
1827	 0.000922489
1828	 0.000922113
1829	 0.000921738
1830	 0.000921363
1831	 0.000920988
1832	 0.000920614
1833	 0.000920239
1834	 0.000919865
1835	 0.000919491
1836	 0.000919118
1837	 0.000918745
1838	 0.000918372
1839	 0.000917999
1840	 0.000917626
1841	 0.000917254
1842	 0.000916882
1843	 0.00091651
1844	 0.000916139
1845	 0.000915767
1846	 0.000915396
1847	 0.000915026
1848	 0.000914655
1849	 0.000914285
1850	 0.000913915
1851	 0.000913545
1852	 0.000913176
1853	 0.000912806
1854	 0.000912437
1855	 0.000912069
1856	 0.0009117
1857	 0.000911332
1858	 0.000910964
1859	 0.000910596
1860	 0.000910229
1861	 0.000909861
1862	 0.000909494
1863	 0.000909128
1864	 0.000908761
1865	 0.000908395
1866	 0.000908029
1867	 0.000907663
1868	 0.000907298
1869	 0.000906932
1870	 0.000906567
1871	 0.000906202
1872	 0.000905838
1873	 0.000905473
1874	 0.000905109
1875	 0.000904746
1876	 0.000904382
1877	 0.000904019
1878	 0.000903655
1879	 0.000903293
1880	 0.00090293
1881	 0.000902568
1882	 0.000902205
1883	 0.000901844
1884	 0.000901482
1885	 0.00090112
1886	 0.000900759
1887	 0.000900398
1888	 0.000900038
1889	 0.000899677
1890	 0.000899317
1891	 0.000898957
1892	 0.000898597
1893	 0.000898237
1894	 0.000897878
1895	 0.000897519
1896	 0.00089716
1897	 0.000896802
1898	 0.000896443
1899	 0.000896085
1900	 0.000895727
1901	 0.00089537
1902	 0.000895012
1903	 0.000894655
1904	 0.000894298
1905	 0.000893941
1906	 0.000893585
1907	 0.000893228
1908	 0.000892872
1909	 0.000892517
1910	 0.000892161
1911	 0.000891806
1912	 0.00089145
1913	 0.000891096
1914	 0.000890741
1915	 0.000890386
1916	 0.000890032
1917	 0.000889678
1918	 0.000889324
1919	 0.000888971
1920	 0.000888618
1921	 0.000888265
1922	 0.000887912
1923	 0.000887559
1924	 0.000887207
1925	 0.000886854
1926	 0.000886502
1927	 0.000886151
1928	 0.000885799
1929	 0.000885448
1930	 0.000885097
1931	 0.000884746
1932	 0.000884395
1933	 0.000884045
1934	 0.000883695
1935	 0.000883345
1936	 0.000882995
1937	 0.000882646
1938	 0.000882296
1939	 0.000881947
1940	 0.000881599
1941	 0.00088125
1942	 0.000880901
1943	 0.000880553
1944	 0.000880205
1945	 0.000879858
1946	 0.00087951
1947	 0.000879163
1948	 0.000878816
1949	 0.000878469
1950	 0.000878122
1951	 0.000877776
1952	 0.000877429
1953	 0.000877083
1954	 0.000876738
1955	 0.000876392
1956	 0.000876047
1957	 0.000875702
1958	 0.000875357
1959	 0.000875012
1960	 0.000874667
1961	 0.000874323
1962	 0.000873979
1963	 0.000873635
1964	 0.000873292
1965	 0.000872948
1966	 0.000872605
1967	 0.000872262
1968	 0.000871919
1969	 0.000871576
1970	 0.000871234
1971	 0.000870892
1972	 0.00087055
1973	 0.000870208
1974	 0.000869867
1975	 0.000869525
1976	 0.000869184
1977	 0.000868843
1978	 0.000868503
1979	 0.000868162
1980	 0.000867822
1981	 0.000867482
1982	 0.000867142
1983	 0.000866802
1984	 0.000866463
1985	 0.000866124
1986	 0.000865785
1987	 0.000865446
1988	 0.000865107
1989	 0.000864769
1990	 0.000864431
1991	 0.000864093
1992	 0.000863755
1993	 0.000863417
1994	 0.00086308
1995	 0.000862743
1996	 0.000862406
1997	 0.000862069
1998	 0.000861732
1999	 0.000861396
2000	 0.00086106
2001	 0.000860724
2002	 0.000860388
2003	 0.000860052
2004	 0.000859717
2005	 0.000859382
2006	 0.000859047
2007	 0.000858712
2008	 0.000858378
2009	 0.000858043
2010	 0.000857709
2011	 0.000857375
2012	 0.000857041
2013	 0.000856708
2014	 0.000856374
2015	 0.000856041
2016	 0.000855708
2017	 0.000855376
2018	 0.000855043
2019	 0.000854711
2020	 0.000854379
2021	 0.000854047
2022	 0.000853715
2023	 0.000853383
2024	 0.000853052
2025	 0.000852721
2026	 0.00085239
2027	 0.000852059
2028	 0.000851728
2029	 0.000851398
2030	 0.000851068
2031	 0.000850738
2032	 0.000850408
2033	 0.000850078
2034	 0.000849749
2035	 0.00084942
2036	 0.000849091
2037	 0.000848762
2038	 0.000848433
2039	 0.000848105
2040	 0.000847776
2041	 0.000847448
2042	 0.00084712
2043	 0.000846793
2044	 0.000846465
2045	 0.000846138
2046	 0.000845811
2047	 0.000845484
2048	 0.000845157
2049	 0.000844831
2050	 0.000844504
2051	 0.000844178
2052	 0.000843852
2053	 0.000843526
2054	 0.000843201
2055	 0.000842875
2056	 0.00084255
2057	 0.000842225
2058	 0.0008419
2059	 0.000841575
2060	 0.000841251
2061	 0.000840927
2062	 0.000840603
2063	 0.000840279
2064	 0.000839955
2065	 0.000839631
2066	 0.000839308
2067	 0.000838985
2068	 0.000838662
2069	 0.000838339
2070	 0.000838017
2071	 0.000837694
2072	 0.000837372
2073	 0.00083705
2074	 0.000836728
2075	 0.000836406
2076	 0.000836085
2077	 0.000835763
2078	 0.000835442
2079	 0.000835121
2080	 0.000834801
2081	 0.00083448
2082	 0.00083416
2083	 0.000833839
2084	 0.000833519
2085	 0.0008332
2086	 0.00083288
2087	 0.00083256
2088	 0.000832241
2089	 0.000831922
2090	 0.000831603
2091	 0.000831284
2092	 0.000830966
2093	 0.000830647
2094	 0.000830329
2095	 0.000830011
2096	 0.000829693
2097	 0.000829375
2098	 0.000829058
2099	 0.000828741
2100	 0.000828423
2101	 0.000828106
2102	 0.00082779
2103	 0.000827473
2104	 0.000827157
2105	 0.00082684
2106	 0.000826524
2107	 0.000826208
2108	 0.000825893
2109	 0.000825577
2110	 0.000825262
2111	 0.000824946
2112	 0.000824631
2113	 0.000824317
2114	 0.000824002
2115	 0.000823687
2116	 0.000823373
2117	 0.000823059
2118	 0.000822745
2119	 0.000822431
2120	 0.000822117
2121	 0.000821804
2122	 0.000821491
2123	 0.000821178
2124	 0.000820865
2125	 0.000820552
2126	 0.000820239
2127	 0.000819927
2128	 0.000819615
2129	 0.000819303
2130	 0.000818991
2131	 0.000818679
2132	 0.000818367
2133	 0.000818056
2134	 0.000817745
2135	 0.000817434
2136	 0.000817123
2137	 0.000816812
2138	 0.000816502
2139	 0.000816191
2140	 0.000815881
2141	 0.000815571
2142	 0.000815261
2143	 0.000814952
2144	 0.000814642
2145	 0.000814333
2146	 0.000814024
2147	 0.000813715
2148	 0.000813406
2149	 0.000813097
2150	 0.000812789
2151	 0.00081248
2152	 0.000812172
2153	 0.000811864
2154	 0.000811556
2155	 0.000811249
2156	 0.000810941
2157	 0.000810634
2158	 0.000810327
2159	 0.00081002
2160	 0.000809713
2161	 0.000809406
2162	 0.0008091
2163	 0.000808793
2164	 0.000808487
2165	 0.000808181
2166	 0.000807875
2167	 0.00080757
2168	 0.000807264
2169	 0.000806959
2170	 0.000806654
2171	 0.000806349
2172	 0.000806044
2173	 0.000805739
2174	 0.000805435
2175	 0.00080513
2176	 0.000804826
2177	 0.000804522
2178	 0.000804218
2179	 0.000803914
2180	 0.000803611
2181	 0.000803307
2182	 0.000803004
2183	 0.000802701
2184	 0.000802398
2185	 0.000802095
2186	 0.000801793
2187	 0.000801491
2188	 0.000801188
2189	 0.000800886
2190	 0.000800584
2191	 0.000800282
2192	 0.000799981
2193	 0.000799679
2194	 0.000799378
2195	 0.000799077
2196	 0.000798776
2197	 0.000798475
2198	 0.000798175
2199	 0.000797874
2200	 0.000797574
2201	 0.000797274
2202	 0.000796974
2203	 0.000796674
2204	 0.000796374
2205	 0.000796074
2206	 0.000795775
2207	 0.000795476
2208	 0.000795177
2209	 0.000794878
2210	 0.000794579
2211	 0.00079428
2212	 0.000793982
2213	 0.000793684
2214	 0.000793386
2215	 0.000793088
2216	 0.00079279
2217	 0.000792492
2218	 0.000792195
2219	 0.000791897
2220	 0.0007916
2221	 0.000791303
2222	 0.000791006
2223	 0.000790709
2224	 0.000790413
2225	 0.000790116
2226	 0.00078982
2227	 0.000789524
2228	 0.000789228
2229	 0.000788932
2230	 0.000788637
2231	 0.000788341
2232	 0.000788046
2233	 0.000787751
2234	 0.000787456
2235	 0.000787161
2236	 0.000786866
2237	 0.000786571
2238	 0.000786277
2239	 0.000785983
2240	 0.000785688
2241	 0.000785394
2242	 0.000785101
2243	 0.000784807
2244	 0.000784513
2245	 0.00078422
2246	 0.000783927
2247	 0.000783634
2248	 0.000783341
2249	 0.000783048
2250	 0.000782756
2251	 0.000782463
2252	 0.000782171
2253	 0.000781879
2254	 0.000781587
2255	 0.000781295
2256	 0.000781003
2257	 0.000780711
2258	 0.00078042
2259	 0.000780129
2260	 0.000779838
2261	 0.000779547
2262	 0.000779256
2263	 0.000778965
2264	 0.000778675
2265	 0.000778384
2266	 0.000778094
2267	 0.000777804
2268	 0.000777514
2269	 0.000777224
2270	 0.000776935
2271	 0.000776645
2272	 0.000776356
2273	 0.000776066
2274	 0.000775777
2275	 0.000775489
2276	 0.0007752
2277	 0.000774911
2278	 0.000774623
2279	 0.000774334
2280	 0.000774046
2281	 0.000773758
2282	 0.00077347
2283	 0.000773182
2284	 0.000772895
2285	 0.000772607
2286	 0.00077232
2287	 0.000772033
2288	 0.000771746
2289	 0.000771459
2290	 0.000771172
2291	 0.000770886
2292	 0.000770599
2293	 0.000770313
2294	 0.000770027
2295	 0.000769741
2296	 0.000769455
2297	 0.000769169
2298	 0.000768884
2299	 0.000768598
2300	 0.000768313
2301	 0.000768028
2302	 0.000767743
2303	 0.000767458
2304	 0.000767173
2305	 0.000766889
2306	 0.000766604
2307	 0.00076632
2308	 0.000766036
2309	 0.000765752
2310	 0.000765468
2311	 0.000765184
2312	 0.0007649
2313	 0.000764617
2314	 0.000764334
2315	 0.000764051
2316	 0.000763768
2317	 0.000763485
2318	 0.000763202
2319	 0.000762919
2320	 0.000762637
2321	 0.000762354
2322	 0.000762072
2323	 0.00076179
2324	 0.000761508
2325	 0.000761227
2326	 0.000760945
2327	 0.000760663
2328	 0.000760382
2329	 0.000760101
2330	 0.00075982
2331	 0.000759539
2332	 0.000759258
2333	 0.000758977
2334	 0.000758697
2335	 0.000758416
2336	 0.000758136
2337	 0.000757856
2338	 0.000757576
2339	 0.000757296
2340	 0.000757017
2341	 0.000756737
2342	 0.000756458
2343	 0.000756178
2344	 0.000755899
2345	 0.00075562
2346	 0.000755341
2347	 0.000755062
2348	 0.000754784
2349	 0.000754505
2350	 0.000754227
2351	 0.000753949
2352	 0.000753671
2353	 0.000753393
2354	 0.000753115
2355	 0.000752837
2356	 0.00075256
2357	 0.000752282
2358	 0.000752005
2359	 0.000751728
2360	 0.000751451
2361	 0.000751174
2362	 0.000750898
2363	 0.000750621
2364	 0.000750345
2365	 0.000750068
2366	 0.000749792
2367	 0.000749516
2368	 0.00074924
2369	 0.000748964
2370	 0.000748689
2371	 0.000748413
2372	 0.000748138
2373	 0.000747863
2374	 0.000747587
2375	 0.000747312
2376	 0.000747038
2377	 0.000746763
2378	 0.000746488
2379	 0.000746214
2380	 0.00074594
2381	 0.000745665
2382	 0.000745391
2383	 0.000745117
2384	 0.000744844
2385	 0.00074457
2386	 0.000744296
2387	 0.000744023
2388	 0.00074375
2389	 0.000743477
2390	 0.000743204
2391	 0.000742931
2392	 0.000742658
2393	 0.000742385
2394	 0.000742113
2395	 0.00074184
2396	 0.000741568
2397	 0.000741296
2398	 0.000741024
2399	 0.000740752
2400	 0.000740481
2401	 0.000740209
2402	 0.000739938
2403	 0.000739666
2404	 0.000739395
2405	 0.000739124
2406	 0.000738853
2407	 0.000738582
2408	 0.000738312
2409	 0.000738041
2410	 0.000737771
2411	 0.0007375
2412	 0.00073723
2413	 0.00073696
2414	 0.00073669
2415	 0.000736421
2416	 0.000736151
2417	 0.000735881
2418	 0.000735612
2419	 0.000735343
2420	 0.000735074
2421	 0.000734805
2422	 0.000734536
2423	 0.000734267
2424	 0.000733998
2425	 0.00073373
2426	 0.000733462
2427	 0.000733193
2428	 0.000732925
2429	 0.000732657
2430	 0.000732389
2431	 0.000732122
2432	 0.000731854
2433	 0.000731586
2434	 0.000731319
2435	 0.000731052
2436	 0.000730785
2437	 0.000730518
2438	 0.000730251
2439	 0.000729984
2440	 0.000729718
2441	 0.000729451
2442	 0.000729185
2443	 0.000728919
2444	 0.000728652
2445	 0.000728386
2446	 0.000728121
2447	 0.000727855
2448	 0.000727589
2449	 0.000727324
2450	 0.000727058
2451	 0.000726793
2452	 0.000726528
2453	 0.000726263
2454	 0.000725998
2455	 0.000725733
2456	 0.000725469
2457	 0.000725204
2458	 0.00072494
2459	 0.000724676
2460	 0.000724412
2461	 0.000724148
2462	 0.000723884
2463	 0.00072362
2464	 0.000723356
2465	 0.000723093
2466	 0.000722829
2467	 0.000722566
2468	 0.000722303
2469	 0.00072204
2470	 0.000721777
2471	 0.000721514
2472	 0.000721252
2473	 0.000720989
2474	 0.000720727
2475	 0.000720464
2476	 0.000720202
2477	 0.00071994
2478	 0.000719678
2479	 0.000719416
2480	 0.000719155
2481	 0.000718893
2482	 0.000718632
2483	 0.00071837
2484	 0.000718109
2485	 0.000717848
2486	 0.000717587
2487	 0.000717326
2488	 0.000717065
2489	 0.000716805
2490	 0.000716544
2491	 0.000716284
2492	 0.000716024
2493	 0.000715764
2494	 0.000715504
2495	 0.000715244
2496	 0.000714984
2497	 0.000714724
2498	 0.000714465
2499	 0.000714205
2500	 0.000713946
2501	 0.000713687
2502	 0.000713428
2503	 0.000713169
2504	 0.00071291
2505	 0.000712651
2506	 0.000712393
2507	 0.000712134
2508	 0.000711876
2509	 0.000711618
2510	 0.00071136
2511	 0.000711102
2512	 0.000710844
2513	 0.000710586
2514	 0.000710328
2515	 0.000710071
2516	 0.000709813
2517	 0.000709556
2518	 0.000709299
2519	 0.000709042
2520	 0.000708785
2521	 0.000708528
2522	 0.000708272
2523	 0.000708015
2524	 0.000707758
2525	 0.000707502
2526	 0.000707246
2527	 0.00070699
2528	 0.000706734
2529	 0.000706478
2530	 0.000706222
2531	 0.000705967
2532	 0.000705711
2533	 0.000705456
2534	 0.0007052
2535	 0.000704945
2536	 0.00070469
2537	 0.000704435
2538	 0.00070418
2539	 0.000703925
2540	 0.000703671
2541	 0.000703416
2542	 0.000703162
2543	 0.000702908
2544	 0.000702654
2545	 0.0007024
2546	 0.000702146
2547	 0.000701892
2548	 0.000701638
2549	 0.000701385
2550	 0.000701131
2551	 0.000700878
2552	 0.000700624
2553	 0.000700371
2554	 0.000700118
2555	 0.000699865
2556	 0.000699613
2557	 0.00069936
2558	 0.000699107
2559	 0.000698855
2560	 0.000698603
2561	 0.00069835
2562	 0.000698098
2563	 0.000697846
2564	 0.000697595
2565	 0.000697343
2566	 0.000697091
2567	 0.00069684
2568	 0.000696588
2569	 0.000696337
2570	 0.000696086
2571	 0.000695835
2572	 0.000695584
2573	 0.000695333
2574	 0.000695082
2575	 0.000694831
2576	 0.000694581
2577	 0.00069433
2578	 0.00069408
2579	 0.00069383
2580	 0.00069358
2581	 0.00069333
2582	 0.00069308
2583	 0.00069283
2584	 0.000692581
2585	 0.000692331
2586	 0.000692082
2587	 0.000691833
2588	 0.000691583
2589	 0.000691334
2590	 0.000691085
2591	 0.000690836
2592	 0.000690588
2593	 0.000690339
2594	 0.000690091
2595	 0.000689842
2596	 0.000689594
2597	 0.000689346
2598	 0.000689098
2599	 0.00068885
2600	 0.000688602
2601	 0.000688354
2602	 0.000688106
2603	 0.000687859
2604	 0.000687611
2605	 0.000687364
2606	 0.000687117
2607	 0.00068687
2608	 0.000686623
2609	 0.000686376
2610	 0.000686129
2611	 0.000685883
2612	 0.000685636
2613	 0.00068539
2614	 0.000685143
2615	 0.000684897
2616	 0.000684651
2617	 0.000684405
2618	 0.000684159
2619	 0.000683913
2620	 0.000683668
2621	 0.000683422
2622	 0.000683177
2623	 0.000682931
2624	 0.000682686
2625	 0.000682441
2626	 0.000682196
2627	 0.000681951
2628	 0.000681706
2629	 0.000681462
2630	 0.000681217
2631	 0.000680972
2632	 0.000680728
2633	 0.000680484
2634	 0.00068024
2635	 0.000679996
2636	 0.000679752
2637	 0.000679508
2638	 0.000679264
2639	 0.00067902
2640	 0.000678777
2641	 0.000678534
2642	 0.00067829
2643	 0.000678047
2644	 0.000677804
2645	 0.000677561
2646	 0.000677318
2647	 0.000677075
2648	 0.000676833
2649	 0.00067659
2650	 0.000676348
2651	 0.000676105
2652	 0.000675863
2653	 0.000675621
2654	 0.000675379
2655	 0.000675137
2656	 0.000674895
2657	 0.000674654
2658	 0.000674412
2659	 0.00067417
2660	 0.000673929
2661	 0.000673688
2662	 0.000673447
2663	 0.000673206
2664	 0.000672965
2665	 0.000672724
2666	 0.000672483
2667	 0.000672242
2668	 0.000672002
2669	 0.000671761
2670	 0.000671521
2671	 0.000671281
2672	 0.000671041
2673	 0.000670801
2674	 0.000670561
2675	 0.000670321
2676	 0.000670081
2677	 0.000669841
2678	 0.000669602
2679	 0.000669363
2680	 0.000669123
2681	 0.000668884
2682	 0.000668645
2683	 0.000668406
2684	 0.000668167
2685	 0.000667928
2686	 0.00066769
2687	 0.000667451
2688	 0.000667213
2689	 0.000666974
2690	 0.000666736
2691	 0.000666498
2692	 0.00066626
2693	 0.000666022
2694	 0.000665784
2695	 0.000665546
2696	 0.000665309
2697	 0.000665071
2698	 0.000664834
2699	 0.000664596
2700	 0.000664359
2701	 0.000664122
2702	 0.000663885
2703	 0.000663648
2704	 0.000663411
2705	 0.000663175
2706	 0.000662938
2707	 0.000662701
2708	 0.000662465
2709	 0.000662229
2710	 0.000661993
2711	 0.000661756
2712	 0.00066152
2713	 0.000661285
2714	 0.000661049
2715	 0.000660813
2716	 0.000660577
2717	 0.000660342
2718	 0.000660107
2719	 0.000659871
2720	 0.000659636
2721	 0.000659401
2722	 0.000659166
2723	 0.000658931
2724	 0.000658696
2725	 0.000658462
2726	 0.000658227
2727	 0.000657993
2728	 0.000657758
2729	 0.000657524
2730	 0.00065729
2731	 0.000657056
2732	 0.000656822
2733	 0.000656588
2734	 0.000656354
2735	 0.00065612
2736	 0.000655887
2737	 0.000655653
2738	 0.00065542
2739	 0.000655187
2740	 0.000654954
2741	 0.000654721
2742	 0.000654488
2743	 0.000654255
2744	 0.000654022
2745	 0.000653789
2746	 0.000653557
2747	 0.000653324
2748	 0.000653092
2749	 0.00065286
2750	 0.000652627
2751	 0.000652395
2752	 0.000652163
2753	 0.000651932
2754	 0.0006517
2755	 0.000651468
2756	 0.000651236
2757	 0.000651005
2758	 0.000650774
2759	 0.000650542
2760	 0.000650311
2761	 0.00065008
2762	 0.000649849
2763	 0.000649618
2764	 0.000649387
2765	 0.000649157
2766	 0.000648926
2767	 0.000648696
2768	 0.000648465
2769	 0.000648235
2770	 0.000648005
2771	 0.000647775
2772	 0.000647545
2773	 0.000647315
2774	 0.000647085
2775	 0.000646855
2776	 0.000646626
2777	 0.000646396
2778	 0.000646167
2779	 0.000645937
2780	 0.000645708
2781	 0.000645479
2782	 0.00064525
2783	 0.000645021
2784	 0.000644792
2785	 0.000644564
2786	 0.000644335
2787	 0.000644106
2788	 0.000643878
2789	 0.00064365
2790	 0.000643421
2791	 0.000643193
2792	 0.000642965
2793	 0.000642737
2794	 0.000642509
2795	 0.000642282
2796	 0.000642054
2797	 0.000641826
2798	 0.000641599
2799	 0.000641372
2800	 0.000641144
2801	 0.000640917
2802	 0.00064069
2803	 0.000640463
2804	 0.000640236
2805	 0.000640009
2806	 0.000639783
2807	 0.000639556
2808	 0.00063933
2809	 0.000639103
2810	 0.000638877
2811	 0.000638651
2812	 0.000638425
2813	 0.000638199
2814	 0.000637973
2815	 0.000637747
2816	 0.000637521
2817	 0.000637295
2818	 0.00063707
2819	 0.000636844
2820	 0.000636619
2821	 0.000636394
2822	 0.000636169
2823	 0.000635944
2824	 0.000635719
2825	 0.000635494
2826	 0.000635269
2827	 0.000635044
2828	 0.00063482
2829	 0.000634595
2830	 0.000634371
2831	 0.000634146
2832	 0.000633922
2833	 0.000633698
2834	 0.000633474
2835	 0.00063325
2836	 0.000633026
2837	 0.000632803
2838	 0.000632579
2839	 0.000632355
2840	 0.000632132
2841	 0.000631909
2842	 0.000631685
2843	 0.000631462
2844	 0.000631239
2845	 0.000631016
2846	 0.000630793
2847	 0.00063057
2848	 0.000630348
2849	 0.000630125
2850	 0.000629903
2851	 0.00062968
2852	 0.000629458
2853	 0.000629236
2854	 0.000629013
2855	 0.000628791
2856	 0.000628569
2857	 0.000628347
2858	 0.000628126
2859	 0.000627904
2860	 0.000627682
2861	 0.000627461
2862	 0.00062724
2863	 0.000627018
2864	 0.000626797
2865	 0.000626576
2866	 0.000626355
2867	 0.000626134
2868	 0.000625913
2869	 0.000625692
2870	 0.000625472
2871	 0.000625251
2872	 0.000625031
2873	 0.00062481
2874	 0.00062459
2875	 0.00062437
2876	 0.00062415
2877	 0.00062393
2878	 0.00062371
2879	 0.00062349
2880	 0.00062327
2881	 0.000623051
2882	 0.000622831
2883	 0.000622612
2884	 0.000622392
2885	 0.000622173
2886	 0.000621954
2887	 0.000621735
2888	 0.000621516
2889	 0.000621297
2890	 0.000621078
2891	 0.000620859
2892	 0.000620641
2893	 0.000620422
2894	 0.000620204
2895	 0.000619985
2896	 0.000619767
2897	 0.000619549
2898	 0.000619331
2899	 0.000619113
2900	 0.000618895
2901	 0.000618677
2902	 0.000618459
2903	 0.000618242
2904	 0.000618024
2905	 0.000617807
2906	 0.00061759
2907	 0.000617372
2908	 0.000617155
2909	 0.000616938
2910	 0.000616721
2911	 0.000616504
2912	 0.000616287
2913	 0.000616071
2914	 0.000615854
2915	 0.000615637
2916	 0.000615421
2917	 0.000615205
2918	 0.000614988
2919	 0.000614772
2920	 0.000614556
2921	 0.00061434
2922	 0.000614124
2923	 0.000613908
2924	 0.000613693
2925	 0.000613477
2926	 0.000613262
2927	 0.000613046
2928	 0.000612831
2929	 0.000612616
2930	 0.0006124
2931	 0.000612185
2932	 0.00061197
2933	 0.000611755
2934	 0.00061154
2935	 0.000611326
2936	 0.000611111
2937	 0.000610897
2938	 0.000610682
2939	 0.000610468
2940	 0.000610253
2941	 0.000610039
2942	 0.000609825
2943	 0.000609611
2944	 0.000609397
2945	 0.000609183
2946	 0.00060897
2947	 0.000608756
2948	 0.000608542
2949	 0.000608329
2950	 0.000608115
2951	 0.000607902
2952	 0.000607689
2953	 0.000607476
2954	 0.000607263
2955	 0.00060705
2956	 0.000606837
2957	 0.000606624
2958	 0.000606412
2959	 0.000606199
2960	 0.000605986
2961	 0.000605774
2962	 0.000605562
2963	 0.000605349
2964	 0.000605137
2965	 0.000604925
2966	 0.000604713
2967	 0.000604501
2968	 0.00060429
2969	 0.000604078
2970	 0.000603866
2971	 0.000603655
2972	 0.000603443
2973	 0.000603232
2974	 0.000603021
2975	 0.000602809
2976	 0.000602598
2977	 0.000602387
2978	 0.000602176
2979	 0.000601965
2980	 0.000601755
2981	 0.000601544
2982	 0.000601333
2983	 0.000601123
2984	 0.000600913
2985	 0.000600702
2986	 0.000600492
2987	 0.000600282
2988	 0.000600072
2989	 0.000599862
2990	 0.000599652
2991	 0.000599442
2992	 0.000599233
2993	 0.000599023
2994	 0.000598813
2995	 0.000598604
2996	 0.000598395
2997	 0.000598185
2998	 0.000597976
2999	 0.000597767
3000	 0.000597558
3001	 0.000597349
3002	 0.00059714
3003	 0.000596931
3004	 0.000596723
3005	 0.000596514
3006	 0.000596306
3007	 0.000596097
3008	 0.000595889
3009	 0.000595681
3010	 0.000595473
3011	 0.000595265
3012	 0.000595057
3013	 0.000594849
3014	 0.000594641
3015	 0.000594433
3016	 0.000594226
3017	 0.000594018
3018	 0.000593811
3019	 0.000593603
3020	 0.000593396
3021	 0.000593189
3022	 0.000592982
3023	 0.000592775
3024	 0.000592568
3025	 0.000592361
3026	 0.000592154
3027	 0.000591947
3028	 0.000591741
3029	 0.000591534
3030	 0.000591328
3031	 0.000591121
3032	 0.000590915
3033	 0.000590709
3034	 0.000590503
3035	 0.000590297
3036	 0.000590091
3037	 0.000589885
3038	 0.000589679
3039	 0.000589474
3040	 0.000589268
3041	 0.000589063
3042	 0.000588857
3043	 0.000588652
3044	 0.000588447
3045	 0.000588241
3046	 0.000588036
3047	 0.000587831
3048	 0.000587627
3049	 0.000587422
3050	 0.000587217
3051	 0.000587012
3052	 0.000586808
3053	 0.000586603
3054	 0.000586399
3055	 0.000586195
3056	 0.00058599
3057	 0.000585786
3058	 0.000585582
3059	 0.000585378
3060	 0.000585174
3061	 0.00058497
3062	 0.000584767
3063	 0.000584563
3064	 0.00058436
3065	 0.000584156
3066	 0.000583953
3067	 0.000583749
3068	 0.000583546
3069	 0.000583343
3070	 0.00058314
3071	 0.000582937
3072	 0.000582734
3073	 0.000582531
3074	 0.000582329
3075	 0.000582126
3076	 0.000581923
3077	 0.000581721
3078	 0.000581519
3079	 0.000581316
3080	 0.000581114
3081	 0.000580912
3082	 0.00058071
3083	 0.000580508
3084	 0.000580306
3085	 0.000580104
3086	 0.000579903
3087	 0.000579701
3088	 0.000579499
3089	 0.000579298
3090	 0.000579097
3091	 0.000578895
3092	 0.000578694
3093	 0.000578493
3094	 0.000578292
3095	 0.000578091
3096	 0.00057789
3097	 0.000577689
3098	 0.000577488
3099	 0.000577288
3100	 0.000577087
3101	 0.000576887
3102	 0.000576686
3103	 0.000576486
3104	 0.000576286
3105	 0.000576086
3106	 0.000575886
3107	 0.000575686
3108	 0.000575486
3109	 0.000575286
3110	 0.000575086
3111	 0.000574887
3112	 0.000574687
3113	 0.000574488
3114	 0.000574288
3115	 0.000574089
3116	 0.00057389
3117	 0.00057369
3118	 0.000573491
3119	 0.000573292
3120	 0.000573093
3121	 0.000572895
3122	 0.000572696
3123	 0.000572497
3124	 0.000572299
3125	 0.0005721
3126	 0.000571902
3127	 0.000571703
3128	 0.000571505
3129	 0.000571307
3130	 0.000571109
3131	 0.000570911
3132	 0.000570713
3133	 0.000570515
3134	 0.000570317
3135	 0.00057012
3136	 0.000569922
3137	 0.000569724
3138	 0.000569527
3139	 0.00056933
3140	 0.000569132
3141	 0.000568935
3142	 0.000568738
3143	 0.000568541
3144	 0.000568344
3145	 0.000568147
3146	 0.00056795
3147	 0.000567754
3148	 0.000567557
3149	 0.00056736
3150	 0.000567164
3151	 0.000566968
3152	 0.000566771
3153	 0.000566575
3154	 0.000566379
3155	 0.000566183
3156	 0.000565987
3157	 0.000565791
3158	 0.000565595
3159	 0.000565399
3160	 0.000565204
3161	 0.000565008
3162	 0.000564812
3163	 0.000564617
3164	 0.000564422
3165	 0.000564226
3166	 0.000564031
3167	 0.000563836
3168	 0.000563641
3169	 0.000563446
3170	 0.000563251
3171	 0.000563057
3172	 0.000562862
3173	 0.000562667
3174	 0.000562473
3175	 0.000562278
4001	 0.000562084
