1	 0.00900177
2	 0.00870815
3	 0.00843652
4	 0.00818445
5	 0.00794987
6	 0.00773098
7	 0.00752623
8	 0.00733426
9	 0.00715388
10	 0.00698404
11	 0.00682383
12	 0.00667242
13	 0.00652908
14	 0.00639317
15	 0.00626411
16	 0.00614137
17	 0.00602448
18	 0.00591303
19	 0.00580662
20	 0.00570491
21	 0.00560758
22	 0.00551434
23	 0.00542493
24	 0.00533911
25	 0.00525666
26	 0.00517737
27	 0.00510105
28	 0.00502754
29	 0.00495668
30	 0.00488831
31	 0.00482231
32	 0.00475854
33	 0.00469689
34	 0.00463725
35	 0.00457951
36	 0.00452359
37	 0.00446939
38	 0.00441682
39	 0.00436583
40	 0.00431632
41	 0.00426823
42	 0.0042215
43	 0.00417607
44	 0.00413188
45	 0.00408888
46	 0.00404701
47	 0.00400624
48	 0.00396651
49	 0.00392778
50	 0.00389002
51	 0.00385318
52	 0.00381723
53	 0.00378214
54	 0.00374787
55	 0.00371439
56	 0.00368168
57	 0.0036497
58	 0.00361844
59	 0.00358785
60	 0.00355793
61	 0.00352865
62	 0.00349998
63	 0.00347191
64	 0.00344441
65	 0.00341747
66	 0.00339107
67	 0.0033652
68	 0.00333982
69	 0.00331494
70	 0.00329053
71	 0.00326658
72	 0.00324308
73	 0.00322001
74	 0.00319736
75	 0.00317512
76	 0.00315327
77	 0.00313181
78	 0.00311072
79	 0.00309
80	 0.00306962
81	 0.0030496
82	 0.0030299
83	 0.00301053
84	 0.00299148
85	 0.00297274
86	 0.00295429
87	 0.00293614
88	 0.00291827
89	 0.00290068
90	 0.00288337
91	 0.00286631
92	 0.00284951
93	 0.00283297
94	 0.00281667
95	 0.0028006
96	 0.00278478
97	 0.00276918
98	 0.0027538
99	 0.00273864
100	 0.00272369
101	 0.00270895
102	 0.00269441
103	 0.00268007
104	 0.00266593
105	 0.00265198
106	 0.00263821
107	 0.00262462
108	 0.00261121
109	 0.00259797
110	 0.00258491
111	 0.00257201
112	 0.00255927
113	 0.0025467
114	 0.00253428
115	 0.00252201
116	 0.0025099
117	 0.00249793
118	 0.0024861
119	 0.00247442
120	 0.00246288
121	 0.00245147
122	 0.0024402
123	 0.00242905
124	 0.00241804
125	 0.00240715
126	 0.00239639
127	 0.00238574
128	 0.00237522
129	 0.00236481
130	 0.00235452
131	 0.00234434
132	 0.00233427
133	 0.00232431
134	 0.00231445
135	 0.00230471
136	 0.00229506
137	 0.00228552
138	 0.00227607
139	 0.00226672
140	 0.00225747
141	 0.00224832
142	 0.00223925
143	 0.00223028
144	 0.0022214
145	 0.00221261
146	 0.0022039
147	 0.00219528
148	 0.00218674
149	 0.00217829
150	 0.00216992
151	 0.00216163
152	 0.00215341
153	 0.00214528
154	 0.00213722
155	 0.00212924
156	 0.00212133
157	 0.00211349
158	 0.00210573
159	 0.00209804
160	 0.00209041
161	 0.00208286
162	 0.00207537
163	 0.00206795
164	 0.0020606
165	 0.00205331
166	 0.00204608
167	 0.00203892
168	 0.00203182
169	 0.00202478
170	 0.0020178
171	 0.00201088
172	 0.00200402
173	 0.00199721
174	 0.00199047
175	 0.00198378
176	 0.00197714
177	 0.00197056
178	 0.00196404
179	 0.00195756
180	 0.00195114
181	 0.00194477
182	 0.00193846
183	 0.00193219
184	 0.00192597
185	 0.0019198
186	 0.00191368
187	 0.00190761
188	 0.00190158
189	 0.00189561
190	 0.00188967
191	 0.00188379
192	 0.00187794
193	 0.00187215
194	 0.00186639
195	 0.00186068
196	 0.00185501
197	 0.00184939
198	 0.0018438
199	 0.00183826
200	 0.00183276
201	 0.00182729
202	 0.00182187
203	 0.00181649
204	 0.00181114
205	 0.00180584
206	 0.00180057
207	 0.00179534
208	 0.00179014
209	 0.00178498
210	 0.00177986
211	 0.00177477
212	 0.00176972
213	 0.0017647
214	 0.00175972
215	 0.00175477
216	 0.00174986
217	 0.00174498
218	 0.00174013
219	 0.00173531
220	 0.00173053
221	 0.00172578
222	 0.00172106
223	 0.00171637
224	 0.00171171
225	 0.00170708
226	 0.00170248
227	 0.00169792
228	 0.00169338
229	 0.00168887
230	 0.00168439
231	 0.00167994
232	 0.00167551
233	 0.00167112
234	 0.00166675
235	 0.00166241
236	 0.00165809
237	 0.00165381
238	 0.00164955
239	 0.00164531
240	 0.0016411
241	 0.00163692
242	 0.00163277
243	 0.00162863
244	 0.00162453
245	 0.00162045
246	 0.00161639
247	 0.00161235
248	 0.00160835
249	 0.00160436
250	 0.0016004
251	 0.00159646
252	 0.00159254
253	 0.00158865
254	 0.00158478
255	 0.00158093
256	 0.00157711
257	 0.0015733
258	 0.00156952
259	 0.00156576
260	 0.00156202
261	 0.00155831
262	 0.00155461
263	 0.00155093
264	 0.00154728
265	 0.00154364
266	 0.00154003
267	 0.00153643
268	 0.00153286
269	 0.0015293
270	 0.00152577
271	 0.00152225
272	 0.00151875
273	 0.00151528
274	 0.00151182
275	 0.00150838
276	 0.00150495
277	 0.00150155
278	 0.00149816
279	 0.00149479
280	 0.00149144
281	 0.00148811
282	 0.0014848
283	 0.0014815
284	 0.00147822
285	 0.00147495
286	 0.00147171
287	 0.00146848
288	 0.00146526
289	 0.00146207
290	 0.00145889
291	 0.00145572
292	 0.00145257
293	 0.00144944
294	 0.00144633
295	 0.00144323
296	 0.00144014
297	 0.00143707
298	 0.00143402
299	 0.00143098
300	 0.00142795
301	 0.00142494
302	 0.00142195
303	 0.00141897
304	 0.001416
305	 0.00141305
306	 0.00141011
307	 0.00140719
308	 0.00140428
309	 0.00140139
310	 0.00139851
311	 0.00139564
312	 0.00139279
313	 0.00138995
314	 0.00138712
315	 0.00138431
316	 0.00138151
317	 0.00137872
318	 0.00137595
319	 0.00137319
320	 0.00137044
321	 0.00136771
322	 0.00136499
323	 0.00136228
324	 0.00135958
325	 0.00135689
326	 0.00135422
327	 0.00135156
328	 0.00134891
329	 0.00134628
330	 0.00134365
331	 0.00134104
332	 0.00133844
333	 0.00133585
334	 0.00133327
335	 0.0013307
336	 0.00132815
337	 0.0013256
338	 0.00132307
339	 0.00132055
340	 0.00131804
341	 0.00131554
342	 0.00131305
343	 0.00131057
344	 0.00130811
345	 0.00130565
346	 0.00130321
347	 0.00130077
348	 0.00129835
349	 0.00129593
350	 0.00129353
351	 0.00129113
352	 0.00128875
353	 0.00128638
354	 0.00128401
355	 0.00128166
356	 0.00127931
357	 0.00127698
358	 0.00127466
359	 0.00127234
360	 0.00127004
361	 0.00126774
362	 0.00126546
363	 0.00126318
364	 0.00126091
365	 0.00125865
366	 0.0012564
367	 0.00125416
368	 0.00125193
369	 0.00124971
370	 0.0012475
371	 0.0012453
372	 0.0012431
373	 0.00124092
374	 0.00123874
375	 0.00123657
376	 0.00123441
377	 0.00123226
378	 0.00123012
379	 0.00122798
380	 0.00122586
381	 0.00122374
382	 0.00122163
383	 0.00121953
384	 0.00121743
385	 0.00121535
386	 0.00121327
387	 0.0012112
388	 0.00120914
389	 0.00120709
390	 0.00120505
391	 0.00120301
392	 0.00120098
393	 0.00119896
394	 0.00119695
395	 0.00119494
396	 0.00119294
397	 0.00119095
398	 0.00118897
399	 0.00118699
400	 0.00118502
401	 0.00118306
402	 0.00118111
403	 0.00117916
404	 0.00117722
405	 0.00117529
406	 0.00117336
407	 0.00117145
408	 0.00116953
409	 0.00116763
410	 0.00116573
411	 0.00116384
412	 0.00116196
413	 0.00116008
414	 0.00115821
415	 0.00115635
416	 0.0011545
417	 0.00115265
418	 0.0011508
419	 0.00114897
420	 0.00114714
421	 0.00114532
422	 0.0011435
423	 0.00114169
424	 0.00113989
425	 0.00113809
426	 0.0011363
427	 0.00113451
428	 0.00113273
429	 0.00113096
430	 0.0011292
431	 0.00112744
432	 0.00112568
433	 0.00112394
434	 0.00112219
435	 0.00112046
436	 0.00111873
437	 0.00111701
438	 0.00111529
439	 0.00111358
440	 0.00111187
441	 0.00111017
442	 0.00110848
443	 0.00110679
444	 0.00110511
445	 0.00110343
446	 0.00110176
447	 0.00110009
448	 0.00109843
449	 0.00109678
450	 0.00109513
451	 0.00109349
452	 0.00109185
453	 0.00109022
454	 0.00108859
455	 0.00108697
456	 0.00108535
457	 0.00108374
458	 0.00108214
459	 0.00108053
460	 0.00107894
461	 0.00107735
462	 0.00107577
463	 0.00107419
464	 0.00107261
465	 0.00107104
466	 0.00106948
467	 0.00106792
468	 0.00106637
469	 0.00106482
470	 0.00106327
471	 0.00106173
472	 0.0010602
473	 0.00105867
474	 0.00105715
475	 0.00105563
476	 0.00105411
477	 0.0010526
478	 0.0010511
479	 0.0010496
480	 0.0010481
481	 0.00104661
482	 0.00104512
483	 0.00104364
484	 0.00104216
485	 0.00104069
486	 0.00103922
487	 0.00103776
488	 0.0010363
489	 0.00103485
490	 0.0010334
491	 0.00103195
492	 0.00103051
493	 0.00102908
494	 0.00102765
495	 0.00102622
496	 0.00102479
497	 0.00102338
498	 0.00102196
499	 0.00102055
500	 0.00101915
501	 0.00101774
502	 0.00101635
503	 0.00101495
504	 0.00101356
505	 0.00101218
506	 0.0010108
507	 0.00100942
508	 0.00100805
509	 0.00100668
510	 0.00100532
511	 0.00100396
512	 0.0010026
513	 0.00100125
514	 0.000999901
515	 0.000998557
516	 0.000997216
517	 0.00099588
518	 0.000994548
519	 0.000993219
520	 0.000991895
521	 0.000990574
522	 0.000989257
523	 0.000987944
524	 0.000986635
525	 0.00098533
526	 0.000984028
527	 0.00098273
528	 0.000981436
529	 0.000980146
530	 0.000978859
531	 0.000977576
532	 0.000976297
533	 0.000975021
534	 0.000973749
535	 0.00097248
536	 0.000971216
537	 0.000969954
538	 0.000968697
539	 0.000967443
540	 0.000966192
541	 0.000964945
542	 0.000963701
543	 0.000962461
544	 0.000961225
545	 0.000959992
546	 0.000958762
547	 0.000957536
548	 0.000956313
549	 0.000955094
550	 0.000953878
551	 0.000952665
552	 0.000951456
553	 0.00095025
554	 0.000949047
555	 0.000947847
556	 0.000946651
557	 0.000945459
558	 0.000944269
559	 0.000943083
560	 0.0009419
561	 0.00094072
562	 0.000939543
563	 0.00093837
564	 0.0009372
565	 0.000936033
566	 0.000934869
567	 0.000933708
568	 0.00093255
569	 0.000931396
570	 0.000930244
571	 0.000929096
572	 0.000927951
573	 0.000926808
574	 0.000925669
575	 0.000924533
576	 0.0009234
577	 0.00092227
578	 0.000921143
579	 0.000920018
580	 0.000918897
581	 0.000917779
582	 0.000916664
583	 0.000915551
584	 0.000914442
585	 0.000913335
586	 0.000912232
587	 0.000911131
588	 0.000910033
589	 0.000908938
590	 0.000907846
591	 0.000906756
592	 0.00090567
593	 0.000904586
594	 0.000903505
595	 0.000902427
596	 0.000901352
597	 0.000900279
598	 0.000899209
599	 0.000898142
600	 0.000897078
601	 0.000896016
602	 0.000894957
603	 0.000893901
604	 0.000892847
605	 0.000891796
606	 0.000890748
607	 0.000889702
608	 0.000888659
609	 0.000887619
610	 0.000886581
611	 0.000885546
612	 0.000884514
613	 0.000883484
614	 0.000882456
615	 0.000881432
616	 0.000880409
617	 0.00087939
618	 0.000878373
619	 0.000877358
620	 0.000876346
621	 0.000875336
622	 0.000874329
623	 0.000873325
624	 0.000872323
625	 0.000871323
626	 0.000870326
627	 0.000869331
628	 0.000868339
629	 0.000867349
630	 0.000866361
631	 0.000865376
632	 0.000864394
633	 0.000863414
634	 0.000862436
635	 0.00086146
636	 0.000860487
637	 0.000859516
638	 0.000858548
639	 0.000857582
640	 0.000856618
641	 0.000855657
642	 0.000854697
643	 0.000853741
644	 0.000852786
645	 0.000851834
646	 0.000850884
647	 0.000849936
648	 0.000848991
649	 0.000848047
650	 0.000847107
651	 0.000846168
652	 0.000845231
653	 0.000844297
654	 0.000843365
655	 0.000842435
656	 0.000841507
657	 0.000840582
658	 0.000839658
659	 0.000838737
660	 0.000837818
661	 0.000836901
662	 0.000835987
663	 0.000835074
664	 0.000834163
665	 0.000833255
666	 0.000832349
667	 0.000831445
668	 0.000830543
669	 0.000829643
670	 0.000828745
671	 0.000827849
672	 0.000826955
673	 0.000826063
674	 0.000825174
675	 0.000824286
676	 0.000823401
677	 0.000822517
678	 0.000821635
679	 0.000820756
680	 0.000819878
681	 0.000819003
682	 0.000818129
683	 0.000817258
684	 0.000816388
685	 0.000815521
686	 0.000814655
687	 0.000813791
688	 0.000812929
689	 0.00081207
690	 0.000811212
691	 0.000810356
692	 0.000809502
693	 0.00080865
694	 0.000807799
695	 0.000806951
696	 0.000806105
697	 0.00080526
698	 0.000804417
699	 0.000803577
700	 0.000802738
701	 0.000801901
702	 0.000801065
703	 0.000800232
704	 0.000799401
705	 0.000798571
706	 0.000797743
707	 0.000796917
708	 0.000796093
709	 0.00079527
710	 0.00079445
711	 0.000793631
712	 0.000792814
713	 0.000791998
714	 0.000791185
715	 0.000790373
716	 0.000789563
717	 0.000788755
718	 0.000787949
719	 0.000787144
720	 0.000786341
721	 0.00078554
722	 0.00078474
723	 0.000783942
724	 0.000783146
725	 0.000782352
726	 0.000781559
727	 0.000780768
728	 0.000779979
729	 0.000779192
730	 0.000778406
731	 0.000777621
732	 0.000776839
733	 0.000776058
734	 0.000775279
735	 0.000774501
736	 0.000773725
737	 0.000772951
738	 0.000772178
739	 0.000771407
740	 0.000770638
741	 0.00076987
742	 0.000769104
743	 0.000768339
744	 0.000767576
745	 0.000766815
746	 0.000766055
747	 0.000765297
748	 0.000764541
749	 0.000763786
750	 0.000763032
751	 0.00076228
752	 0.00076153
753	 0.000760781
754	 0.000760034
755	 0.000759288
756	 0.000758544
757	 0.000757802
758	 0.000757061
759	 0.000756321
760	 0.000755583
761	 0.000754847
762	 0.000754112
763	 0.000753378
764	 0.000752646
765	 0.000751916
766	 0.000751187
767	 0.000750459
768	 0.000749733
769	 0.000749009
770	 0.000748286
771	 0.000747564
772	 0.000746844
773	 0.000746125
774	 0.000745408
775	 0.000744692
776	 0.000743978
777	 0.000743265
778	 0.000742554
779	 0.000741844
780	 0.000741135
781	 0.000740428
782	 0.000739722
783	 0.000739018
784	 0.000738315
785	 0.000737614
786	 0.000736914
787	 0.000736215
788	 0.000735517
789	 0.000734822
790	 0.000734127
791	 0.000733434
792	 0.000732742
793	 0.000732052
794	 0.000731363
795	 0.000730675
796	 0.000729988
797	 0.000729303
798	 0.00072862
799	 0.000727937
800	 0.000727256
801	 0.000726577
802	 0.000725899
803	 0.000725222
804	 0.000724546
805	 0.000723872
806	 0.000723199
807	 0.000722527
808	 0.000721856
809	 0.000721187
810	 0.00072052
811	 0.000719853
812	 0.000719188
813	 0.000718524
814	 0.000717861
815	 0.0007172
816	 0.00071654
817	 0.000715881
818	 0.000715223
819	 0.000714567
820	 0.000713912
821	 0.000713258
822	 0.000712606
823	 0.000711955
824	 0.000711305
825	 0.000710656
826	 0.000710008
827	 0.000709362
828	 0.000708717
829	 0.000708073
830	 0.00070743
831	 0.000706789
832	 0.000706149
833	 0.00070551
834	 0.000704872
835	 0.000704235
836	 0.0007036
837	 0.000702966
838	 0.000702333
839	 0.000701701
840	 0.00070107
841	 0.000700441
842	 0.000699813
843	 0.000699186
844	 0.00069856
845	 0.000697935
846	 0.000697312
847	 0.000696689
848	 0.000696068
849	 0.000695448
850	 0.000694829
851	 0.000694211
852	 0.000693594
853	 0.000692979
854	 0.000692365
855	 0.000691751
856	 0.000691139
857	 0.000690528
858	 0.000689919
859	 0.00068931
860	 0.000688702
861	 0.000688096
862	 0.00068749
863	 0.000686886
864	 0.000686283
865	 0.000685681
866	 0.00068508
867	 0.00068448
868	 0.000683881
869	 0.000683284
870	 0.000682687
871	 0.000682092
872	 0.000681497
873	 0.000680904
874	 0.000680312
875	 0.00067972
876	 0.00067913
877	 0.000678541
878	 0.000677953
879	 0.000677366
880	 0.000676781
881	 0.000676196
882	 0.000675612
883	 0.000675029
884	 0.000674448
885	 0.000673867
886	 0.000673287
887	 0.000672709
888	 0.000672131
889	 0.000671555
890	 0.000670979
891	 0.000670405
892	 0.000669831
893	 0.000669259
894	 0.000668688
895	 0.000668117
896	 0.000667548
897	 0.00066698
898	 0.000666412
899	 0.000665846
900	 0.000665281
901	 0.000664716
902	 0.000664153
903	 0.000663591
904	 0.000663029
905	 0.000662469
906	 0.000661909
907	 0.000661351
908	 0.000660793
909	 0.000660237
910	 0.000659682
911	 0.000659127
912	 0.000658573
913	 0.000658021
914	 0.000657469
915	 0.000656918
916	 0.000656369
917	 0.00065582
918	 0.000655272
919	 0.000654725
920	 0.000654179
921	 0.000653634
922	 0.00065309
923	 0.000652547
924	 0.000652005
925	 0.000651464
926	 0.000650924
927	 0.000650384
928	 0.000649846
929	 0.000649308
930	 0.000648772
931	 0.000648236
932	 0.000647701
933	 0.000647167
934	 0.000646634
935	 0.000646102
936	 0.000645571
937	 0.000645041
938	 0.000644512
939	 0.000643983
940	 0.000643456
941	 0.000642929
942	 0.000642403
943	 0.000641879
944	 0.000641355
945	 0.000640831
946	 0.000640309
947	 0.000639788
948	 0.000639268
949	 0.000638748
950	 0.000638229
951	 0.000637711
952	 0.000637194
953	 0.000636678
954	 0.000636163
955	 0.000635649
956	 0.000635135
957	 0.000634623
958	 0.000634111
959	 0.0006336
960	 0.00063309
961	 0.000632581
962	 0.000632072
963	 0.000631565
964	 0.000631058
965	 0.000630552
966	 0.000630047
967	 0.000629543
968	 0.00062904
969	 0.000628537
970	 0.000628035
971	 0.000627534
972	 0.000627034
973	 0.000626535
974	 0.000626037
975	 0.000625539
976	 0.000625042
977	 0.000624546
978	 0.000624051
979	 0.000623557
980	 0.000623063
981	 0.000622571
982	 0.000622079
983	 0.000621588
984	 0.000621097
985	 0.000620608
986	 0.000620119
987	 0.000619631
988	 0.000619144
989	 0.000618658
990	 0.000618172
991	 0.000617687
992	 0.000617203
993	 0.00061672
994	 0.000616238
995	 0.000615756
996	 0.000615275
997	 0.000614795
998	 0.000614316
999	 0.000613837
1000	 0.000613359
1001	 0.000612882
1002	 0.000612406
1003	 0.000611931
1004	 0.000611456
1005	 0.000610982
1006	 0.000610509
1007	 0.000610036
1008	 0.000609565
1009	 0.000609094
1010	 0.000608623
1011	 0.000608154
1012	 0.000607685
1013	 0.000607217
1014	 0.00060675
1015	 0.000606283
1016	 0.000605818
1017	 0.000605353
1018	 0.000604888
1019	 0.000604425
1020	 0.000603962
1021	 0.0006035
1022	 0.000603039
1023	 0.000602578
1024	 0.000602118
1025	 0.000601659
1026	 0.0006012
1027	 0.000600743
1028	 0.000600286
1029	 0.000599829
1030	 0.000599374
1031	 0.000598919
1032	 0.000598464
1033	 0.000598011
1034	 0.000597558
1035	 0.000597106
1036	 0.000596655
1037	 0.000596204
1038	 0.000595754
1039	 0.000595305
1040	 0.000594856
1041	 0.000594408
1042	 0.000593961
1043	 0.000593515
1044	 0.000593069
1045	 0.000592624
1046	 0.000592179
1047	 0.000591736
1048	 0.000591292
1049	 0.00059085
1050	 0.000590408
1051	 0.000589967
1052	 0.000589527
1053	 0.000589087
1054	 0.000588648
1055	 0.00058821
1056	 0.000587772
1057	 0.000587335
1058	 0.000586899
1059	 0.000586463
1060	 0.000586028
1061	 0.000585594
1062	 0.00058516
1063	 0.000584727
1064	 0.000584295
1065	 0.000583863
1066	 0.000583432
1067	 0.000583002
1068	 0.000582572
1069	 0.000582143
1070	 0.000581714
1071	 0.000581287
1072	 0.000580859
1073	 0.000580433
1074	 0.000580007
1075	 0.000579582
1076	 0.000579157
1077	 0.000578733
1078	 0.00057831
1079	 0.000577887
1080	 0.000577465
1081	 0.000577044
1082	 0.000576623
1083	 0.000576203
1084	 0.000575783
1085	 0.000575364
1086	 0.000574946
1087	 0.000574528
1088	 0.000574111
1089	 0.000573695
1090	 0.000573279
1091	 0.000572864
1092	 0.000572449
1093	 0.000572035
1094	 0.000571622
1095	 0.000571209
1096	 0.000570797
1097	 0.000570386
1098	 0.000569975
1099	 0.000569565
1100	 0.000569155
1101	 0.000568746
1102	 0.000568337
1103	 0.000567929
1104	 0.000567522
1105	 0.000567115
1106	 0.000566709
1107	 0.000566304
1108	 0.000565899
1109	 0.000565495
1110	 0.000565091
1111	 0.000564688
1112	 0.000564285
1113	 0.000563883
1114	 0.000563482
1115	 0.000563081
1116	 0.000562681
1117	 0.000562281
1118	 0.000561882
1119	 0.000561484
1120	 0.000561086
1121	 0.000560688
1122	 0.000560292
1123	 0.000559896
1124	 0.0005595
1125	 0.000559105
1126	 0.000558711
1127	 0.000558317
1128	 0.000557923
1129	 0.000557531
1130	 0.000557138
1131	 0.000556747
1132	 0.000556356
1133	 0.000555965
1134	 0.000555575
1135	 0.000555186
1136	 0.000554797
1137	 0.000554409
1138	 0.000554021
1139	 0.000553634
1140	 0.000553247
1141	 0.000552861
1142	 0.000552476
1143	 0.000552091
1144	 0.000551706
1145	 0.000551323
1146	 0.000550939
1147	 0.000550557
1148	 0.000550174
1149	 0.000549793
1150	 0.000549411
1151	 0.000549031
1152	 0.000548651
1153	 0.000548271
1154	 0.000547892
1155	 0.000547514
1156	 0.000547136
1157	 0.000546758
1158	 0.000546382
1159	 0.000546005
1160	 0.000545629
1161	 0.000545254
1162	 0.000544879
1163	 0.000544505
1164	 0.000544132
1165	 0.000543758
1166	 0.000543386
1167	 0.000543014
1168	 0.000542642
1169	 0.000542271
1170	 0.0005419
1171	 0.00054153
1172	 0.000541161
1173	 0.000540792
1174	 0.000540423
1175	 0.000540055
1176	 0.000539688
1177	 0.000539321
1178	 0.000538954
1179	 0.000538588
1180	 0.000538223
1181	 0.000537858
1182	 0.000537493
1183	 0.000537129
1184	 0.000536766
1185	 0.000536403
1186	 0.00053604
1187	 0.000535679
1188	 0.000535317
1189	 0.000534956
1190	 0.000534596
1191	 0.000534236
1192	 0.000533876
1193	 0.000533517
1194	 0.000533159
1195	 0.000532801
1196	 0.000532443
1197	 0.000532086
1198	 0.00053173
1199	 0.000531374
1200	 0.000531018
1201	 0.000530663
1202	 0.000530308
1203	 0.000529954
1204	 0.000529601
1205	 0.000529248
1206	 0.000528895
1207	 0.000528543
1208	 0.000528191
1209	 0.00052784
1210	 0.000527489
1211	 0.000527139
1212	 0.000526789
1213	 0.00052644
1214	 0.000526091
1215	 0.000525742
1216	 0.000525394
1217	 0.000525047
1218	 0.0005247
1219	 0.000524353
1220	 0.000524007
1221	 0.000523662
1222	 0.000523317
1223	 0.000522972
1224	 0.000522628
1225	 0.000522284
1226	 0.000521941
1227	 0.000521598
1228	 0.000521255
1229	 0.000520913
1230	 0.000520572
1231	 0.000520231
1232	 0.00051989
1233	 0.00051955
1234	 0.000519211
1235	 0.000518872
1236	 0.000518533
1237	 0.000518194
1238	 0.000517857
1239	 0.000517519
1240	 0.000517182
1241	 0.000516846
1242	 0.00051651
1243	 0.000516174
1244	 0.000515839
1245	 0.000515504
1246	 0.00051517
1247	 0.000514836
1248	 0.000514503
1249	 0.00051417
1250	 0.000513837
1251	 0.000513505
1252	 0.000513173
1253	 0.000512842
1254	 0.000512511
1255	 0.000512181
1256	 0.000511851
1257	 0.000511522
1258	 0.000511192
1259	 0.000510864
1260	 0.000510536
1261	 0.000510208
1262	 0.00050988
1263	 0.000509554
1264	 0.000509227
1265	 0.000508901
1266	 0.000508575
1267	 0.00050825
1268	 0.000507925
1269	 0.000507601
1270	 0.000507277
1271	 0.000506953
1272	 0.00050663
1273	 0.000506308
1274	 0.000505985
1275	 0.000505663
1276	 0.000505342
1277	 0.000505021
1278	 0.0005047
1279	 0.00050438
1280	 0.00050406
1281	 0.000503741
1282	 0.000503422
1283	 0.000503103
1284	 0.000502785
1285	 0.000502467
1286	 0.00050215
1287	 0.000501833
1288	 0.000501516
1289	 0.0005012
1290	 0.000500885
1291	 0.000500569
1292	 0.000500254
1293	 0.00049994
1294	 0.000499626
1295	 0.000499312
1296	 0.000498999
1297	 0.000498686
1298	 0.000498373
1299	 0.000498061
1300	 0.000497749
1301	 0.000497438
1302	 0.000497127
1303	 0.000496817
1304	 0.000496506
1305	 0.000496197
1306	 0.000495887
1307	 0.000495578
1308	 0.00049527
1309	 0.000494961
1310	 0.000494654
1311	 0.000494346
1312	 0.000494039
1313	 0.000493732
1314	 0.000493426
1315	 0.00049312
1316	 0.000492815
1317	 0.00049251
1318	 0.000492205
1319	 0.000491901
1320	 0.000491597
1321	 0.000491293
1322	 0.00049099
1323	 0.000490687
1324	 0.000490385
1325	 0.000490082
1326	 0.000489781
1327	 0.000489479
1328	 0.000489179
1329	 0.000488878
1330	 0.000488578
1331	 0.000488278
1332	 0.000487978
1333	 0.000487679
1334	 0.000487381
1335	 0.000487082
1336	 0.000486784
1337	 0.000486487
1338	 0.00048619
1339	 0.000485893
1340	 0.000485596
1341	 0.0004853
1342	 0.000485004
1343	 0.000484709
1344	 0.000484414
1345	 0.000484119
1346	 0.000483825
1347	 0.000483531
1348	 0.000483237
1349	 0.000482944
1350	 0.000482651
1351	 0.000482359
1352	 0.000482066
1353	 0.000481775
1354	 0.000481483
1355	 0.000481192
1356	 0.000480901
1357	 0.000480611
1358	 0.000480321
1359	 0.000480031
1360	 0.000479742
1361	 0.000479453
1362	 0.000479165
1363	 0.000478876
1364	 0.000478588
1365	 0.000478301
1366	 0.000478014
1367	 0.000477727
1368	 0.00047744
1369	 0.000477154
1370	 0.000476868
1371	 0.000476583
1372	 0.000476298
1373	 0.000476013
1374	 0.000475728
1375	 0.000475444
1376	 0.000475161
1377	 0.000474877
1378	 0.000474594
1379	 0.000474311
1380	 0.000474029
1381	 0.000473747
1382	 0.000473465
1383	 0.000473184
1384	 0.000472903
1385	 0.000472622
1386	 0.000472342
1387	 0.000472062
1388	 0.000471782
1389	 0.000471503
1390	 0.000471224
1391	 0.000470945
1392	 0.000470667
1393	 0.000470389
1394	 0.000470111
1395	 0.000469834
1396	 0.000469557
1397	 0.00046928
1398	 0.000469004
1399	 0.000468728
1400	 0.000468452
1401	 0.000468177
1402	 0.000467901
1403	 0.000467627
1404	 0.000467352
1405	 0.000467078
1406	 0.000466805
1407	 0.000466531
1408	 0.000466258
1409	 0.000465985
1410	 0.000465713
1411	 0.000465441
1412	 0.000465169
1413	 0.000464897
1414	 0.000464626
1415	 0.000464355
1416	 0.000464085
1417	 0.000463814
1418	 0.000463545
1419	 0.000463275
1420	 0.000463006
1421	 0.000462737
1422	 0.000462468
1423	 0.0004622
1424	 0.000461932
1425	 0.000461664
1426	 0.000461397
1427	 0.00046113
1428	 0.000460863
1429	 0.000460596
1430	 0.00046033
1431	 0.000460064
1432	 0.000459799
1433	 0.000459534
1434	 0.000459269
1435	 0.000459004
1436	 0.00045874
1437	 0.000458476
1438	 0.000458212
1439	 0.000457949
1440	 0.000457686
1441	 0.000457423
1442	 0.000457161
1443	 0.000456899
1444	 0.000456637
1445	 0.000456375
1446	 0.000456114
1447	 0.000455853
1448	 0.000455592
1449	 0.000455332
1450	 0.000455072
1451	 0.000454812
1452	 0.000454553
1453	 0.000454294
1454	 0.000454035
1455	 0.000453776
1456	 0.000453518
1457	 0.00045326
1458	 0.000453002
1459	 0.000452745
1460	 0.000452488
1461	 0.000452231
1462	 0.000451975
1463	 0.000451718
1464	 0.000451463
1465	 0.000451207
1466	 0.000450952
1467	 0.000450697
1468	 0.000450442
1469	 0.000450187
1470	 0.000449933
1471	 0.000449679
1472	 0.000449426
1473	 0.000449173
1474	 0.00044892
1475	 0.000448667
1476	 0.000448414
1477	 0.000448162
1478	 0.00044791
1479	 0.000447659
1480	 0.000447408
1481	 0.000447157
1482	 0.000446906
1483	 0.000446655
1484	 0.000446405
1485	 0.000446155
1486	 0.000445906
1487	 0.000445656
1488	 0.000445407
1489	 0.000445159
1490	 0.00044491
1491	 0.000444662
1492	 0.000444414
1493	 0.000444167
1494	 0.000443919
1495	 0.000443672
1496	 0.000443425
1497	 0.000443179
1498	 0.000442932
1499	 0.000442687
1500	 0.000442441
1501	 0.000442195
1502	 0.00044195
1503	 0.000441705
1504	 0.000441461
1505	 0.000441216
1506	 0.000440972
1507	 0.000440729
1508	 0.000440485
1509	 0.000440242
1510	 0.000439999
1511	 0.000439756
1512	 0.000439514
1513	 0.000439272
1514	 0.00043903
1515	 0.000438788
1516	 0.000438547
1517	 0.000438306
1518	 0.000438065
1519	 0.000437824
1520	 0.000437584
1521	 0.000437344
1522	 0.000437104
1523	 0.000436865
1524	 0.000436625
1525	 0.000436386
1526	 0.000436148
1527	 0.000435909
1528	 0.000435671
1529	 0.000435433
1530	 0.000435195
1531	 0.000434958
1532	 0.000434721
1533	 0.000434484
1534	 0.000434247
1535	 0.000434011
1536	 0.000433775
1537	 0.000433539
1538	 0.000433303
1539	 0.000433068
1540	 0.000432833
1541	 0.000432598
1542	 0.000432364
1543	 0.000432129
1544	 0.000431895
1545	 0.000431661
1546	 0.000431428
1547	 0.000431195
1548	 0.000430962
1549	 0.000430729
1550	 0.000430496
1551	 0.000430264
1552	 0.000430032
1553	 0.0004298
1554	 0.000429569
1555	 0.000429337
1556	 0.000429106
1557	 0.000428876
1558	 0.000428645
1559	 0.000428415
1560	 0.000428185
1561	 0.000427955
1562	 0.000427725
1563	 0.000427496
1564	 0.000427267
1565	 0.000427038
1566	 0.00042681
1567	 0.000426582
1568	 0.000426353
1569	 0.000426126
1570	 0.000425898
1571	 0.000425671
1572	 0.000425444
1573	 0.000425217
1574	 0.00042499
1575	 0.000424764
1576	 0.000424538
1577	 0.000424312
1578	 0.000424086
1579	 0.000423861
1580	 0.000423636
1581	 0.000423411
1582	 0.000423186
1583	 0.000422962
1584	 0.000422738
1585	 0.000422514
1586	 0.00042229
1587	 0.000422066
1588	 0.000421843
1589	 0.00042162
1590	 0.000421397
1591	 0.000421175
1592	 0.000420953
1593	 0.000420731
1594	 0.000420509
1595	 0.000420287
1596	 0.000420066
1597	 0.000419845
1598	 0.000419624
1599	 0.000419403
1600	 0.000419183
1601	 0.000418963
1602	 0.000418743
1603	 0.000418523
1604	 0.000418303
1605	 0.000418084
1606	 0.000417865
1607	 0.000417646
1608	 0.000417428
1609	 0.00041721
1610	 0.000416991
1611	 0.000416774
1612	 0.000416556
1613	 0.000416338
1614	 0.000416121
1615	 0.000415904
1616	 0.000415688
1617	 0.000415471
1618	 0.000415255
1619	 0.000415039
1620	 0.000414823
1621	 0.000414607
1622	 0.000414392
1623	 0.000414177
1624	 0.000413962
1625	 0.000413747
1626	 0.000413533
1627	 0.000413318
1628	 0.000413104
1629	 0.00041289
1630	 0.000412677
1631	 0.000412463
1632	 0.00041225
1633	 0.000412037
1634	 0.000411825
1635	 0.000411612
1636	 0.0004114
1637	 0.000411188
1638	 0.000410976
1639	 0.000410764
1640	 0.000410553
1641	 0.000410342
1642	 0.000410131
1643	 0.00040992
1644	 0.000409709
1645	 0.000409499
1646	 0.000409289
1647	 0.000409079
1648	 0.00040887
1649	 0.00040866
1650	 0.000408451
1651	 0.000408242
1652	 0.000408033
1653	 0.000407824
1654	 0.000407616
1655	 0.000407408
1656	 0.0004072
1657	 0.000406992
1658	 0.000406785
1659	 0.000406577
1660	 0.00040637
1661	 0.000406163
1662	 0.000405957
1663	 0.00040575
1664	 0.000405544
1665	 0.000405338
1666	 0.000405132
1667	 0.000404926
1668	 0.000404721
1669	 0.000404516
1670	 0.000404311
1671	 0.000404106
1672	 0.000403901
1673	 0.000403697
1674	 0.000403493
1675	 0.000403289
1676	 0.000403085
1677	 0.000402882
1678	 0.000402678
1679	 0.000402475
1680	 0.000402272
1681	 0.000402069
1682	 0.000401867
1683	 0.000401665
1684	 0.000401462
1685	 0.00040126
1686	 0.000401059
1687	 0.000400857
1688	 0.000400656
1689	 0.000400455
1690	 0.000400254
1691	 0.000400053
1692	 0.000399853
1693	 0.000399652
1694	 0.000399452
1695	 0.000399252
1696	 0.000399053
1697	 0.000398853
1698	 0.000398654
1699	 0.000398455
1700	 0.000398256
1701	 0.000398057
1702	 0.000397859
1703	 0.00039766
1704	 0.000397462
1705	 0.000397264
1706	 0.000397067
1707	 0.000396869
1708	 0.000396672
1709	 0.000396475
1710	 0.000396278
1711	 0.000396081
1712	 0.000395885
1713	 0.000395688
1714	 0.000395492
1715	 0.000395296
1716	 0.0003951
1717	 0.000394905
1718	 0.000394709
1719	 0.000394514
1720	 0.000394319
1721	 0.000394124
1722	 0.00039393
1723	 0.000393735
1724	 0.000393541
1725	 0.000393347
1726	 0.000393153
1727	 0.00039296
1728	 0.000392766
1729	 0.000392573
1730	 0.00039238
1731	 0.000392187
1732	 0.000391994
1733	 0.000391802
1734	 0.00039161
1735	 0.000391418
1736	 0.000391226
1737	 0.000391034
1738	 0.000390842
1739	 0.000390651
1740	 0.00039046
1741	 0.000390269
1742	 0.000390078
1743	 0.000389887
1744	 0.000389697
1745	 0.000389507
1746	 0.000389317
1747	 0.000389127
1748	 0.000388937
1749	 0.000388748
1750	 0.000388558
1751	 0.000388369
4001	 0.00038818
