1	 0.343981
2	 0.338708
3	 0.333354
4	 0.327924
5	 0.322425
6	 0.316862
7	 0.311242
8	 0.305574
9	 0.299863
10	 0.294119
11	 0.28835
12	 0.282563
13	 0.276768
14	 0.270973
15	 0.265187
16	 0.259418
17	 0.253674
18	 0.247965
19	 0.242296
20	 0.236677
21	 0.231115
22	 0.225615
23	 0.220185
24	 0.214831
25	 0.209557
26	 0.204369
27	 0.199272
28	 0.194269
29	 0.189363
30	 0.184557
31	 0.179854
32	 0.175256
33	 0.170764
34	 0.166379
35	 0.162102
36	 0.157934
37	 0.153873
38	 0.14992
39	 0.146075
40	 0.142335
41	 0.138701
42	 0.135171
43	 0.131742
44	 0.128415
45	 0.125185
46	 0.122053
47	 0.119015
48	 0.11607
49	 0.113216
50	 0.110449
51	 0.107769
52	 0.105172
53	 0.102656
54	 0.10022
55	 0.0978599
56	 0.0955744
57	 0.0933612
58	 0.0912179
59	 0.0891424
60	 0.0871325
61	 0.085186
62	 0.083301
63	 0.0814754
64	 0.0797071
65	 0.0779944
66	 0.0763353
67	 0.0747279
68	 0.0731706
69	 0.0716615
70	 0.0701991
71	 0.0687817
72	 0.0674077
73	 0.0660756
74	 0.0647841
75	 0.0635315
76	 0.0623167
77	 0.0611383
78	 0.0599949
79	 0.0588855
80	 0.0578087
81	 0.0567635
82	 0.0557488
83	 0.0547634
84	 0.0538065
85	 0.0528769
86	 0.0519738
87	 0.0510962
88	 0.0502433
89	 0.0494143
90	 0.0486082
91	 0.0478244
92	 0.0470621
93	 0.0463205
94	 0.045599
95	 0.0448969
96	 0.0442135
97	 0.0435483
98	 0.0429006
99	 0.0422698
100	 0.0416555
101	 0.041057
102	 0.0404739
103	 0.0399056
104	 0.0393517
105	 0.0388118
106	 0.0382853
107	 0.0377719
108	 0.0372712
109	 0.0367827
110	 0.0363061
111	 0.035841
112	 0.0353871
113	 0.034944
114	 0.0345114
115	 0.0340889
116	 0.0336764
117	 0.0332734
118	 0.0328797
119	 0.0324951
120	 0.0321192
121	 0.0317518
122	 0.0313927
123	 0.0310416
124	 0.0306983
125	 0.0303625
126	 0.0300342
127	 0.029713
128	 0.0293987
129	 0.0290912
130	 0.0287903
131	 0.0284958
132	 0.0282075
133	 0.0279253
134	 0.0276489
135	 0.0273783
136	 0.0271133
137	 0.0268537
138	 0.0265994
139	 0.0263503
140	 0.0261062
141	 0.025867
142	 0.0256326
143	 0.0254028
144	 0.0251776
145	 0.0249568
146	 0.0247403
147	 0.024528
148	 0.0243198
149	 0.0241156
150	 0.0239153
151	 0.0237188
152	 0.023526
153	 0.0233369
154	 0.0231513
155	 0.0229692
156	 0.0227904
157	 0.022615
158	 0.0224428
159	 0.0222738
160	 0.0221078
161	 0.0219448
162	 0.0217848
163	 0.0216277
164	 0.0214734
165	 0.0213218
166	 0.0211729
167	 0.0210267
168	 0.0208831
169	 0.0207419
170	 0.0206033
171	 0.020467
172	 0.0203331
173	 0.0202016
174	 0.0200723
175	 0.0199452
176	 0.0198203
177	 0.0196976
178	 0.0195769
179	 0.0194583
180	 0.0193417
181	 0.0192271
182	 0.0191143
183	 0.0190035
184	 0.0188946
185	 0.0187874
186	 0.018682
187	 0.0185784
188	 0.0184765
189	 0.0183763
190	 0.0182778
191	 0.0181808
192	 0.0180855
193	 0.0179917
194	 0.0178995
195	 0.0178087
196	 0.0177195
197	 0.0176317
198	 0.0175453
199	 0.0174604
200	 0.0173768
201	 0.0172946
202	 0.0172137
203	 0.0171341
204	 0.0170558
205	 0.0169788
206	 0.016903
207	 0.0168285
208	 0.0167552
209	 0.016683
210	 0.016612
211	 0.0165422
212	 0.0164735
213	 0.0164059
214	 0.0163394
215	 0.016274
216	 0.0162096
217	 0.0161463
218	 0.0160841
219	 0.0160228
220	 0.0159625
221	 0.0159033
222	 0.015845
223	 0.0157876
224	 0.0157312
225	 0.0156758
226	 0.0156212
227	 0.0155676
228	 0.0155148
229	 0.0154629
230	 0.0154119
231	 0.0153618
232	 0.0153125
233	 0.015264
234	 0.0152164
235	 0.0151696
236	 0.0151235
237	 0.0150783
238	 0.0150338
239	 0.0149902
240	 0.0149473
241	 0.0149051
242	 0.0148637
243	 0.014823
244	 0.0147831
245	 0.0147439
246	 0.0147053
247	 0.0146675
248	 0.0146304
249	 0.014594
250	 0.0145583
251	 0.0145232
252	 0.0144888
253	 0.0144551
254	 0.014422
255	 0.0143896
256	 0.0143578
257	 0.0143266
258	 0.0142961
259	 0.0142662
260	 0.0142369
261	 0.0142082
262	 0.0141801
263	 0.0141527
264	 0.0141258
265	 0.0140995
266	 0.0140738
267	 0.0140487
268	 0.0140241
269	 0.0140002
270	 0.0139768
271	 0.0139539
272	 0.0139316
273	 0.0139099
274	 0.0138887
275	 0.0138681
276	 0.013848
277	 0.0138285
278	 0.0138095
279	 0.013791
280	 0.013773
281	 0.0137556
282	 0.0137387
283	 0.0137223
284	 0.0137065
285	 0.0136911
286	 0.0136763
287	 0.013662
288	 0.0136482
289	 0.0136349
290	 0.0136221
291	 0.0136098
292	 0.013598
293	 0.0135867
294	 0.0135759
295	 0.0135655
296	 0.0135557
297	 0.0135464
298	 0.0135375
299	 0.0135292
300	 0.0135213
301	 0.0135139
302	 0.013507
303	 0.0135006
304	 0.0134947
305	 0.0134892
306	 0.0134842
307	 0.0134798
308	 0.0134757
309	 0.0134722
310	 0.0134692
311	 0.0134666
312	 0.0134645
313	 0.0134629
314	 0.0134617
315	 0.0134611
316	 0.0134609
317	 0.0134612
318	 0.013462
319	 0.0134632
320	 0.0134649
321	 0.0134672
322	 0.0134699
323	 0.013473
324	 0.0134767
325	 0.0134809
326	 0.0134855
327	 0.0134906
328	 0.0134962
329	 0.0135023
330	 0.0135089
331	 0.013516
332	 0.0135235
333	 0.0135316
334	 0.0135402
335	 0.0135492
336	 0.0135588
337	 0.0135689
338	 0.0135795
339	 0.0135905
340	 0.0136021
341	 0.0136142
342	 0.0136269
343	 0.01364
344	 0.0136536
345	 0.0136678
346	 0.0136825
347	 0.0136978
348	 0.0137136
349	 0.0137299
350	 0.0137467
351	 0.0137641
352	 0.0137821
353	 0.0138006
354	 0.0138196
355	 0.0138392
356	 0.0138594
357	 0.0138801
358	 0.0139014
359	 0.0139233
360	 0.0139458
361	 0.0139689
362	 0.0139925
363	 0.0140168
364	 0.0140416
365	 0.0140671
366	 0.0140932
367	 0.0141199
368	 0.0141472
369	 0.0141751
370	 0.0142037
371	 0.014233
372	 0.0142629
373	 0.0142934
374	 0.0143246
375	 0.0143565
376	 0.014389
377	 0.0144223
378	 0.0144562
379	 0.0144909
380	 0.0145262
381	 0.0145623
382	 0.0145991
383	 0.0146366
384	 0.0146749
385	 0.0147139
386	 0.0147537
387	 0.0147942
388	 0.0148356
389	 0.0148777
390	 0.0149206
391	 0.0149644
392	 0.0150089
393	 0.0150543
394	 0.0151006
395	 0.0151477
396	 0.0151956
397	 0.0152445
398	 0.0152942
399	 0.0153449
400	 0.0153964
401	 0.0154489
402	 0.0155023
403	 0.0155567
404	 0.0156121
405	 0.0156684
406	 0.0157258
407	 0.0157842
408	 0.0158436
409	 0.015904
410	 0.0159655
411	 0.0160281
412	 0.0160918
413	 0.0161566
414	 0.0162225
415	 0.0162896
416	 0.0163578
417	 0.0164273
418	 0.0164979
419	 0.0165698
420	 0.0166429
421	 0.0167173
422	 0.016793
423	 0.01687
424	 0.0169483
425	 0.017028
426	 0.017109
427	 0.0171915
428	 0.0172754
429	 0.0173607
430	 0.0174476
431	 0.0175359
432	 0.0176258
433	 0.0177172
434	 0.0178102
435	 0.0179049
436	 0.0180012
437	 0.0180991
438	 0.0181988
439	 0.0183002
440	 0.0184034
441	 0.0185084
442	 0.0186152
443	 0.0187239
444	 0.0188346
445	 0.0189471
446	 0.0190617
447	 0.0191782
448	 0.0192969
449	 0.0194176
450	 0.0195405
451	 0.0196655
452	 0.0197928
453	 0.0199223
454	 0.0200542
455	 0.0201884
456	 0.020325
457	 0.0204641
458	 0.0206056
459	 0.0207497
460	 0.0208964
461	 0.0210458
462	 0.0211979
463	 0.0213527
464	 0.0215103
465	 0.0216708
466	 0.0218342
467	 0.0220007
468	 0.0221701
469	 0.0223427
470	 0.0225184
471	 0.0226973
472	 0.0228796
473	 0.0230652
474	 0.0232542
475	 0.0234467
476	 0.0236428
477	 0.0238425
478	 0.0240459
479	 0.024253
480	 0.024464
481	 0.024679
482	 0.0248979
483	 0.0251209
484	 0.0253481
485	 0.0255794
486	 0.0258151
487	 0.0260552
488	 0.0262997
489	 0.0265488
490	 0.0268025
491	 0.0270609
492	 0.0273242
493	 0.0275923
494	 0.0278653
495	 0.0281434
496	 0.0284267
497	 0.0287151
498	 0.0290088
499	 0.029308
500	 0.0296125
501	 0.0299227
502	 0.0302384
503	 0.0305599
504	 0.0308871
505	 0.0312202
506	 0.0315592
507	 0.0319042
508	 0.0322554
509	 0.0326126
510	 0.0329761
511	 0.0333458
512	 0.0337219
513	 0.0341043
514	 0.0344932
515	 0.0348886
516	 0.0352904
517	 0.0356989
518	 0.0361139
519	 0.0365355
520	 0.0369638
521	 0.0373987
522	 0.0378403
523	 0.0382884
524	 0.0387432
525	 0.0392046
526	 0.0396726
527	 0.0401471
528	 0.0406281
529	 0.0411155
530	 0.0416092
531	 0.0421092
532	 0.0426154
533	 0.0431276
534	 0.0436458
535	 0.0441698
536	 0.0446995
537	 0.0452347
538	 0.0457752
539	 0.0463209
540	 0.0468715
541	 0.0474269
542	 0.0479868
543	 0.048551
544	 0.0491192
545	 0.0496911
546	 0.0502666
547	 0.0508452
548	 0.0514267
549	 0.0520107
550	 0.052597
551	 0.0531852
552	 0.0537748
553	 0.0543656
554	 0.0549572
555	 0.0555491
556	 0.056141
557	 0.0567325
558	 0.0573231
559	 0.0579125
560	 0.0585001
561	 0.0590856
562	 0.0596685
563	 0.0602484
564	 0.0608248
565	 0.0613973
566	 0.0619654
567	 0.0625288
568	 0.0630868
569	 0.0636391
570	 0.0641853
571	 0.0647248
572	 0.0652573
573	 0.0657824
574	 0.0662995
575	 0.0668084
576	 0.0673086
577	 0.0677996
578	 0.0682811
579	 0.0687528
580	 0.0692142
581	 0.0696651
582	 0.0701049
583	 0.0705335
584	 0.0709506
585	 0.0713557
586	 0.0717487
587	 0.0721292
588	 0.072497
589	 0.0728518
590	 0.0731935
591	 0.0735218
592	 0.0738365
593	 0.0741374
594	 0.0744245
595	 0.0746974
596	 0.0749562
597	 0.0752007
598	 0.0754307
599	 0.0756463
600	 0.0758473
601	 0.0760338
602	 0.0762057
603	 0.0763629
604	 0.0765056
605	 0.0766336
606	 0.0767471
607	 0.0768462
608	 0.0769308
609	 0.077001
610	 0.0770571
611	 0.077099
612	 0.077127
613	 0.0771411
614	 0.0771416
615	 0.0771286
616	 0.0771022
617	 0.0770628
618	 0.0770105
619	 0.0769455
620	 0.0768681
621	 0.0767785
622	 0.076677
623	 0.0765639
624	 0.0764394
625	 0.0763039
626	 0.0761576
627	 0.0760008
628	 0.0758338
629	 0.075657
630	 0.0754707
631	 0.0752752
632	 0.0750708
633	 0.074858
634	 0.0746369
635	 0.074408
636	 0.0741716
637	 0.073928
638	 0.0736776
639	 0.0734208
640	 0.0731578
641	 0.072889
642	 0.0726147
643	 0.0723353
644	 0.072051
645	 0.0717623
646	 0.0714694
647	 0.0711726
648	 0.0708722
649	 0.0705685
650	 0.0702619
651	 0.0699525
652	 0.0696408
653	 0.0693268
654	 0.0690109
655	 0.0686934
656	 0.0683744
657	 0.0680542
658	 0.067733
659	 0.067411
660	 0.0670884
661	 0.0667655
662	 0.0664423
663	 0.0661191
664	 0.065796
665	 0.0654732
666	 0.0651508
667	 0.0648289
668	 0.0645078
669	 0.0641874
670	 0.063868
671	 0.0635495
672	 0.0632322
673	 0.0629161
674	 0.0626013
675	 0.0622878
676	 0.0619757
677	 0.0616651
678	 0.0613561
679	 0.0610486
680	 0.0607428
681	 0.0604387
682	 0.0601362
683	 0.0598355
684	 0.0595366
685	 0.0592395
686	 0.0589441
687	 0.0586506
688	 0.0583589
689	 0.0580691
690	 0.0577811
691	 0.057495
692	 0.0572107
693	 0.0569283
694	 0.0566478
695	 0.056369
696	 0.0560922
697	 0.0558171
698	 0.0555439
699	 0.0552725
700	 0.0550029
701	 0.0547352
702	 0.0544691
703	 0.0542049
704	 0.0539424
705	 0.0536817
706	 0.0534227
707	 0.0531654
708	 0.0529098
709	 0.0526558
710	 0.0524036
711	 0.052153
712	 0.051904
713	 0.0516566
714	 0.0514109
715	 0.0511667
716	 0.0509241
717	 0.0506831
718	 0.0504436
719	 0.0502056
720	 0.0499691
721	 0.0497341
722	 0.0495007
723	 0.0492686
724	 0.0490381
725	 0.0488089
726	 0.0485812
727	 0.0483549
728	 0.0481301
729	 0.0479065
730	 0.0476844
731	 0.0474637
732	 0.0472442
733	 0.0470262
734	 0.0468094
735	 0.046594
736	 0.0463799
737	 0.046167
738	 0.0459555
739	 0.0457452
740	 0.0455362
741	 0.0453285
742	 0.0451219
743	 0.0449167
744	 0.0447126
745	 0.0445098
746	 0.0443082
747	 0.0441077
748	 0.0439085
749	 0.0437105
750	 0.0435136
751	 0.0433179
752	 0.0431233
753	 0.0429299
754	 0.0427377
755	 0.0425465
756	 0.0423565
757	 0.0421677
758	 0.0419799
759	 0.0417932
760	 0.0416077
761	 0.0414232
762	 0.0412398
763	 0.0410575
764	 0.0408763
765	 0.0406961
766	 0.040517
767	 0.040339
768	 0.040162
769	 0.039986
770	 0.039811
771	 0.0396371
772	 0.0394642
773	 0.0392923
774	 0.0391215
775	 0.0389516
776	 0.0387827
777	 0.0386148
778	 0.0384479
779	 0.038282
780	 0.0381171
781	 0.0379531
782	 0.0377901
783	 0.037628
784	 0.0374669
785	 0.0373067
786	 0.0371475
787	 0.0369892
788	 0.0368318
789	 0.0366753
790	 0.0365198
791	 0.0363651
792	 0.0362114
793	 0.0360586
794	 0.0359067
795	 0.0357556
796	 0.0356055
797	 0.0354562
798	 0.0353078
799	 0.0351602
800	 0.0350135
801	 0.0348677
802	 0.0347227
803	 0.0345786
804	 0.0344353
805	 0.0342929
806	 0.0341513
807	 0.0340105
808	 0.0338705
809	 0.0337313
810	 0.033593
811	 0.0334555
812	 0.0333187
813	 0.0331828
814	 0.0330476
815	 0.0329133
816	 0.0327797
817	 0.0326469
818	 0.0325148
819	 0.0323836
820	 0.032253
821	 0.0321233
822	 0.0319943
823	 0.031866
824	 0.0317385
825	 0.0316118
826	 0.0314857
827	 0.0313604
828	 0.0312358
829	 0.0311119
830	 0.0309888
831	 0.0308663
832	 0.0307446
833	 0.0306236
834	 0.0305032
835	 0.0303836
836	 0.0302646
837	 0.0301463
838	 0.0300287
839	 0.0299118
840	 0.0297956
841	 0.02968
842	 0.029565
843	 0.0294508
844	 0.0293372
845	 0.0292242
846	 0.0291119
847	 0.0290002
848	 0.0288891
849	 0.0287787
850	 0.0286689
851	 0.0285598
852	 0.0284512
853	 0.0283433
854	 0.028236
855	 0.0281293
856	 0.0280232
857	 0.0279177
858	 0.0278128
859	 0.0277084
860	 0.0276047
861	 0.0275016
862	 0.027399
863	 0.027297
864	 0.0271956
865	 0.0270948
866	 0.0269945
867	 0.0268948
868	 0.0267956
869	 0.026697
870	 0.0265989
871	 0.0265014
872	 0.0264044
873	 0.026308
874	 0.0262121
875	 0.0261168
876	 0.0260219
877	 0.0259276
878	 0.0258339
879	 0.0257406
880	 0.0256478
881	 0.0255556
882	 0.0254639
883	 0.0253727
884	 0.0252819
885	 0.0251917
886	 0.025102
887	 0.0250128
888	 0.024924
889	 0.0248358
890	 0.024748
891	 0.0246607
892	 0.0245739
893	 0.0244875
894	 0.0244016
895	 0.0243162
896	 0.0242313
897	 0.0241468
898	 0.0240627
899	 0.0239792
900	 0.023896
901	 0.0238134
902	 0.0237311
903	 0.0236493
904	 0.023568
905	 0.0234871
906	 0.0234066
907	 0.0233265
908	 0.0232469
909	 0.0231677
910	 0.023089
911	 0.0230106
912	 0.0229327
913	 0.0228551
914	 0.022778
915	 0.0227013
916	 0.022625
917	 0.0225491
918	 0.0224736
919	 0.0223986
920	 0.0223239
921	 0.0222496
922	 0.0221756
923	 0.0221021
924	 0.022029
925	 0.0219562
926	 0.0218838
927	 0.0218118
928	 0.0217402
929	 0.021669
930	 0.0215981
931	 0.0215276
932	 0.0214574
933	 0.0213876
934	 0.0213182
935	 0.0212491
936	 0.0211804
937	 0.0211121
938	 0.0210441
939	 0.0209764
940	 0.0209091
941	 0.0208422
942	 0.0207755
943	 0.0207093
944	 0.0206433
945	 0.0205777
946	 0.0205125
947	 0.0204475
948	 0.0203829
949	 0.0203186
950	 0.0202547
951	 0.020191
952	 0.0201277
953	 0.0200647
954	 0.0200021
955	 0.0199397
956	 0.0198777
957	 0.0198159
958	 0.0197545
959	 0.0196934
960	 0.0196326
961	 0.0195721
962	 0.0195119
963	 0.0194519
964	 0.0193923
965	 0.019333
966	 0.019274
967	 0.0192153
968	 0.0191568
969	 0.0190987
970	 0.0190408
971	 0.0189832
972	 0.0189259
973	 0.0188689
974	 0.0188122
975	 0.0187557
976	 0.0186995
977	 0.0186436
978	 0.018588
979	 0.0185326
980	 0.0184775
981	 0.0184227
982	 0.0183681
983	 0.0183138
984	 0.0182597
985	 0.018206
986	 0.0181524
987	 0.0180992
988	 0.0180462
989	 0.0179934
990	 0.0179409
991	 0.0178887
992	 0.0178366
993	 0.0177849
994	 0.0177334
995	 0.0176821
996	 0.0176311
997	 0.0175803
998	 0.0175298
999	 0.0174795
1000	 0.0174294
1001	 0.0173796
1002	 0.01733
1003	 0.0172806
1004	 0.0172315
1005	 0.0171826
1006	 0.0171339
1007	 0.0170855
1008	 0.0170373
1009	 0.0169893
1010	 0.0169415
1011	 0.016894
1012	 0.0168466
1013	 0.0167995
1014	 0.0167527
1015	 0.016706
1016	 0.0166595
1017	 0.0166133
1018	 0.0165672
1019	 0.0165214
1020	 0.0164758
1021	 0.0164304
1022	 0.0163852
1023	 0.0163402
1024	 0.0162955
1025	 0.0162509
1026	 0.0162065
1027	 0.0161623
1028	 0.0161183
1029	 0.0160746
1030	 0.016031
1031	 0.0159876
1032	 0.0159444
1033	 0.0159014
1034	 0.0158586
1035	 0.015816
1036	 0.0157736
1037	 0.0157314
1038	 0.0156894
1039	 0.0156475
1040	 0.0156058
1041	 0.0155644
1042	 0.0155231
1043	 0.015482
1044	 0.015441
1045	 0.0154003
1046	 0.0153597
1047	 0.0153193
1048	 0.0152791
1049	 0.0152391
1050	 0.0151992
1051	 0.0151595
1052	 0.01512
1053	 0.0150807
1054	 0.0150415
1055	 0.0150025
1056	 0.0149637
1057	 0.014925
1058	 0.0148865
1059	 0.0148482
1060	 0.0148101
1061	 0.0147721
1062	 0.0147342
1063	 0.0146966
1064	 0.0146591
1065	 0.0146217
1066	 0.0145846
1067	 0.0145475
1068	 0.0145107
1069	 0.014474
1070	 0.0144374
1071	 0.014401
1072	 0.0143648
1073	 0.0143287
1074	 0.0142928
1075	 0.014257
1076	 0.0142213
1077	 0.0141859
1078	 0.0141505
1079	 0.0141154
1080	 0.0140803
1081	 0.0140454
1082	 0.0140107
1083	 0.0139761
1084	 0.0139416
1085	 0.0139073
1086	 0.0138732
1087	 0.0138392
1088	 0.0138053
1089	 0.0137715
1090	 0.0137379
1091	 0.0137045
1092	 0.0136712
1093	 0.013638
1094	 0.0136049
1095	 0.013572
1096	 0.0135392
1097	 0.0135066
1098	 0.0134741
1099	 0.0134417
1100	 0.0134095
1101	 0.0133774
1102	 0.0133454
1103	 0.0133135
1104	 0.0132818
1105	 0.0132502
1106	 0.0132187
1107	 0.0131874
1108	 0.0131562
1109	 0.0131251
1110	 0.0130941
1111	 0.0130633
1112	 0.0130326
1113	 0.013002
1114	 0.0129715
1115	 0.0129412
1116	 0.012911
1117	 0.0128809
1118	 0.0128509
1119	 0.012821
1120	 0.0127913
1121	 0.0127617
1122	 0.0127322
1123	 0.0127028
1124	 0.0126735
1125	 0.0126443
1126	 0.0126153
1127	 0.0125863
1128	 0.0125575
1129	 0.0125288
1130	 0.0125002
1131	 0.0124717
1132	 0.0124434
1133	 0.0124151
1134	 0.012387
1135	 0.0123589
1136	 0.012331
1137	 0.0123032
1138	 0.0122755
1139	 0.0122478
1140	 0.0122203
1141	 0.012193
1142	 0.0121657
1143	 0.0121385
1144	 0.0121114
1145	 0.0120844
1146	 0.0120575
1147	 0.0120308
1148	 0.0120041
1149	 0.0119775
1150	 0.0119511
1151	 0.0119247
1152	 0.0118985
1153	 0.0118723
1154	 0.0118462
1155	 0.0118203
1156	 0.0117944
1157	 0.0117686
1158	 0.0117429
1159	 0.0117174
1160	 0.0116919
1161	 0.0116665
1162	 0.0116412
1163	 0.011616
1164	 0.0115909
1165	 0.0115659
1166	 0.011541
1167	 0.0115162
1168	 0.0114914
1169	 0.0114668
1170	 0.0114422
1171	 0.0114178
1172	 0.0113934
1173	 0.0113691
1174	 0.011345
1175	 0.0113209
1176	 0.0112968
1177	 0.0112729
1178	 0.0112491
1179	 0.0112253
1180	 0.0112017
1181	 0.0111781
1182	 0.0111546
1183	 0.0111312
1184	 0.0111079
1185	 0.0110847
1186	 0.0110615
1187	 0.0110385
1188	 0.0110155
1189	 0.0109926
1190	 0.0109698
1191	 0.010947
1192	 0.0109244
1193	 0.0109018
1194	 0.0108793
1195	 0.0108569
1196	 0.0108346
1197	 0.0108124
1198	 0.0107902
1199	 0.0107681
1200	 0.0107461
1201	 0.0107242
1202	 0.0107023
1203	 0.0106805
1204	 0.0106588
1205	 0.0106372
1206	 0.0106156
1207	 0.0105942
1208	 0.0105728
1209	 0.0105515
1210	 0.0105302
1211	 0.010509
1212	 0.0104879
1213	 0.0104669
1214	 0.010446
1215	 0.0104251
1216	 0.0104043
1217	 0.0103836
1218	 0.0103629
1219	 0.0103423
1220	 0.0103218
1221	 0.0103014
1222	 0.010281
1223	 0.0102607
1224	 0.0102404
1225	 0.0102203
1226	 0.0102002
1227	 0.0101802
1228	 0.0101602
1229	 0.0101403
1230	 0.0101205
1231	 0.0101007
1232	 0.0100811
1233	 0.0100614
1234	 0.0100419
1235	 0.0100224
1236	 0.010003
1237	 0.00998362
1238	 0.00996433
1239	 0.00994511
1240	 0.00992595
1241	 0.00990686
1242	 0.00988783
1243	 0.00986886
1244	 0.00984996
1245	 0.00983113
1246	 0.00981235
1247	 0.00979364
1248	 0.00977499
1249	 0.0097564
1250	 0.00973788
1251	 0.00971941
1252	 0.00970101
1253	 0.00968267
1254	 0.00966439
1255	 0.00964617
1256	 0.00962801
1257	 0.00960991
1258	 0.00959187
1259	 0.00957389
1260	 0.00955597
1261	 0.00953811
1262	 0.00952031
1263	 0.00950256
1264	 0.00948487
1265	 0.00946725
1266	 0.00944967
1267	 0.00943216
1268	 0.0094147
1269	 0.0093973
1270	 0.00937996
1271	 0.00936267
1272	 0.00934544
1273	 0.00932827
1274	 0.00931115
1275	 0.00929408
1276	 0.00927707
1277	 0.00926012
1278	 0.00924322
1279	 0.00922637
1280	 0.00920958
1281	 0.00919284
1282	 0.00917616
1283	 0.00915953
1284	 0.00914295
1285	 0.00912642
1286	 0.00910995
1287	 0.00909353
1288	 0.00907716
1289	 0.00906085
1290	 0.00904458
1291	 0.00902837
1292	 0.00901221
1293	 0.0089961
1294	 0.00898004
1295	 0.00896403
1296	 0.00894807
1297	 0.00893216
1298	 0.00891631
1299	 0.0089005
1300	 0.00888474
1301	 0.00886903
1302	 0.00885337
1303	 0.00883775
1304	 0.00882219
1305	 0.00880668
1306	 0.00879121
1307	 0.00877579
1308	 0.00876042
1309	 0.0087451
1310	 0.00872982
1311	 0.00871459
1312	 0.00869941
1313	 0.00868428
1314	 0.00866919
1315	 0.00865415
1316	 0.00863915
1317	 0.0086242
1318	 0.0086093
1319	 0.00859444
1320	 0.00857963
1321	 0.00856486
1322	 0.00855014
1323	 0.00853546
1324	 0.00852083
1325	 0.00850624
1326	 0.00849169
1327	 0.00847719
1328	 0.00846274
1329	 0.00844832
1330	 0.00843395
1331	 0.00841963
1332	 0.00840535
1333	 0.00839111
1334	 0.00837691
1335	 0.00836276
1336	 0.00834864
1337	 0.00833457
1338	 0.00832055
1339	 0.00830656
1340	 0.00829262
1341	 0.00827872
1342	 0.00826485
1343	 0.00825103
1344	 0.00823726
1345	 0.00822352
1346	 0.00820982
1347	 0.00819616
1348	 0.00818255
1349	 0.00816897
1350	 0.00815544
1351	 0.00814194
1352	 0.00812848
1353	 0.00811507
1354	 0.00810169
1355	 0.00808835
1356	 0.00807505
1357	 0.00806179
1358	 0.00804857
1359	 0.00803539
1360	 0.00802224
1361	 0.00800914
1362	 0.00799607
1363	 0.00798304
1364	 0.00797005
1365	 0.00795709
1366	 0.00794417
1367	 0.00793129
1368	 0.00791845
1369	 0.00790565
1370	 0.00789288
1371	 0.00788015
1372	 0.00786745
1373	 0.00785479
1374	 0.00784217
1375	 0.00782958
1376	 0.00781703
1377	 0.00780452
1378	 0.00779204
1379	 0.0077796
1380	 0.00776719
1381	 0.00775481
1382	 0.00774248
1383	 0.00773017
1384	 0.00771791
1385	 0.00770567
1386	 0.00769348
1387	 0.00768131
1388	 0.00766918
1389	 0.00765709
1390	 0.00764503
1391	 0.007633
1392	 0.00762101
1393	 0.00760905
1394	 0.00759712
1395	 0.00758523
1396	 0.00757337
1397	 0.00756154
1398	 0.00754975
1399	 0.00753799
1400	 0.00752626
1401	 0.00751456
1402	 0.0075029
1403	 0.00749127
1404	 0.00747967
1405	 0.00746811
1406	 0.00745657
1407	 0.00744507
1408	 0.0074336
1409	 0.00742216
1410	 0.00741075
1411	 0.00739938
1412	 0.00738803
1413	 0.00737672
1414	 0.00736544
1415	 0.00735419
1416	 0.00734297
1417	 0.00733178
1418	 0.00732062
1419	 0.00730949
1420	 0.00729839
1421	 0.00728732
1422	 0.00727628
1423	 0.00726527
1424	 0.00725429
1425	 0.00724334
1426	 0.00723242
1427	 0.00722153
1428	 0.00721067
1429	 0.00719984
1430	 0.00718904
1431	 0.00717827
1432	 0.00716752
1433	 0.00715681
1434	 0.00714612
1435	 0.00713546
1436	 0.00712483
1437	 0.00711423
1438	 0.00710366
1439	 0.00709311
1440	 0.0070826
1441	 0.00707211
1442	 0.00706165
1443	 0.00705121
1444	 0.00704081
1445	 0.00703043
1446	 0.00702008
1447	 0.00700976
1448	 0.00699946
1449	 0.00698919
1450	 0.00697895
1451	 0.00696874
1452	 0.00695855
1453	 0.00694839
1454	 0.00693826
1455	 0.00692815
1456	 0.00691807
1457	 0.00690801
1458	 0.00689798
1459	 0.00688798
1460	 0.00687801
1461	 0.00686806
1462	 0.00685813
1463	 0.00684823
1464	 0.00683836
1465	 0.00682851
1466	 0.00681869
1467	 0.00680889
1468	 0.00679912
1469	 0.00678938
1470	 0.00677966
1471	 0.00676996
1472	 0.00676029
1473	 0.00675064
1474	 0.00674102
1475	 0.00673143
1476	 0.00672185
1477	 0.00671231
1478	 0.00670278
1479	 0.00669329
1480	 0.00668381
1481	 0.00667436
1482	 0.00666494
1483	 0.00665553
1484	 0.00664615
1485	 0.0066368
1486	 0.00662747
1487	 0.00661816
1488	 0.00660888
1489	 0.00659962
1490	 0.00659038
1491	 0.00658117
1492	 0.00657198
1493	 0.00656281
1494	 0.00655367
1495	 0.00654455
1496	 0.00653545
1497	 0.00652637
1498	 0.00651732
1499	 0.00650829
1500	 0.00649928
1501	 0.0064903
1502	 0.00648134
1503	 0.0064724
1504	 0.00646348
1505	 0.00645458
1506	 0.00644571
1507	 0.00643686
1508	 0.00642803
1509	 0.00641922
1510	 0.00641044
1511	 0.00640167
1512	 0.00639293
1513	 0.00638421
1514	 0.00637551
1515	 0.00636683
1516	 0.00635817
1517	 0.00634954
1518	 0.00634092
1519	 0.00633233
1520	 0.00632376
1521	 0.00631521
1522	 0.00630668
1523	 0.00629817
1524	 0.00628968
1525	 0.00628121
1526	 0.00627276
1527	 0.00626434
1528	 0.00625593
1529	 0.00624754
1530	 0.00623918
1531	 0.00623083
1532	 0.00622251
1533	 0.0062142
1534	 0.00620592
1535	 0.00619765
1536	 0.00618941
1537	 0.00618118
1538	 0.00617297
1539	 0.00616479
1540	 0.00615662
1541	 0.00614848
1542	 0.00614035
1543	 0.00613224
1544	 0.00612415
1545	 0.00611608
1546	 0.00610803
1547	 0.0061
1548	 0.00609199
1549	 0.006084
1550	 0.00607603
1551	 0.00606807
1552	 0.00606014
1553	 0.00605222
1554	 0.00604432
1555	 0.00603644
1556	 0.00602858
1557	 0.00602074
1558	 0.00601292
1559	 0.00600511
1560	 0.00599732
1561	 0.00598955
1562	 0.0059818
1563	 0.00597407
1564	 0.00596636
1565	 0.00595866
1566	 0.00595098
1567	 0.00594332
1568	 0.00593568
1569	 0.00592806
1570	 0.00592045
1571	 0.00591286
1572	 0.00590529
1573	 0.00589774
1574	 0.0058902
1575	 0.00588268
1576	 0.00587518
1577	 0.00586769
1578	 0.00586023
1579	 0.00585278
1580	 0.00584535
1581	 0.00583793
1582	 0.00583053
1583	 0.00582315
1584	 0.00581579
1585	 0.00580844
1586	 0.00580111
1587	 0.0057938
1588	 0.0057865
1589	 0.00577922
1590	 0.00577196
1591	 0.00576471
1592	 0.00575748
1593	 0.00575027
1594	 0.00574307
1595	 0.00573589
1596	 0.00572872
1597	 0.00572157
1598	 0.00571444
1599	 0.00570733
1600	 0.00570023
1601	 0.00569314
1602	 0.00568607
1603	 0.00567902
1604	 0.00567199
1605	 0.00566497
1606	 0.00565796
1607	 0.00565097
1608	 0.005644
1609	 0.00563704
1610	 0.0056301
1611	 0.00562317
1612	 0.00561626
1613	 0.00560937
1614	 0.00560249
1615	 0.00559562
1616	 0.00558877
1617	 0.00558194
1618	 0.00557512
1619	 0.00556832
1620	 0.00556153
1621	 0.00555476
1622	 0.005548
1623	 0.00554125
1624	 0.00553453
1625	 0.00552781
1626	 0.00552111
1627	 0.00551443
1628	 0.00550776
1629	 0.0055011
1630	 0.00549446
1631	 0.00548784
1632	 0.00548123
1633	 0.00547463
1634	 0.00546805
1635	 0.00546148
1636	 0.00545493
1637	 0.00544839
1638	 0.00544187
1639	 0.00543536
1640	 0.00542886
1641	 0.00542238
1642	 0.00541591
1643	 0.00540946
1644	 0.00540302
1645	 0.00539659
1646	 0.00539018
1647	 0.00538378
1648	 0.0053774
1649	 0.00537103
1650	 0.00536467
1651	 0.00535833
1652	 0.005352
1653	 0.00534568
1654	 0.00533938
1655	 0.00533309
1656	 0.00532682
1657	 0.00532056
1658	 0.00531431
1659	 0.00530807
1660	 0.00530185
1661	 0.00529564
1662	 0.00528945
1663	 0.00528327
1664	 0.0052771
1665	 0.00527094
1666	 0.0052648
1667	 0.00525867
1668	 0.00525256
1669	 0.00524645
1670	 0.00524036
1671	 0.00523429
1672	 0.00522822
1673	 0.00522217
1674	 0.00521613
1675	 0.00521011
1676	 0.00520409
1677	 0.00519809
1678	 0.0051921
1679	 0.00518613
1680	 0.00518017
1681	 0.00517422
1682	 0.00516828
1683	 0.00516235
1684	 0.00515644
1685	 0.00515054
1686	 0.00514465
1687	 0.00513878
1688	 0.00513291
1689	 0.00512706
1690	 0.00512122
1691	 0.00511539
1692	 0.00510958
1693	 0.00510378
1694	 0.00509799
1695	 0.00509221
1696	 0.00508644
1697	 0.00508069
1698	 0.00507494
1699	 0.00506921
1700	 0.00506349
1701	 0.00505778
1702	 0.00505209
1703	 0.0050464
1704	 0.00504073
1705	 0.00503507
1706	 0.00502942
1707	 0.00502379
1708	 0.00501816
1709	 0.00501255
1710	 0.00500694
1711	 0.00500135
1712	 0.00499577
1713	 0.0049902
1714	 0.00498465
1715	 0.0049791
1716	 0.00497357
1717	 0.00496804
1718	 0.00496253
1719	 0.00495703
1720	 0.00495154
1721	 0.00494606
1722	 0.00494059
1723	 0.00493514
1724	 0.00492969
1725	 0.00492426
1726	 0.00491883
1727	 0.00491342
1728	 0.00490802
1729	 0.00490263
1730	 0.00489725
1731	 0.00489188
1732	 0.00488652
1733	 0.00488117
1734	 0.00487584
1735	 0.00487051
1736	 0.0048652
1737	 0.00485989
1738	 0.0048546
1739	 0.00484931
1740	 0.00484404
1741	 0.00483878
1742	 0.00483352
1743	 0.00482828
1744	 0.00482305
1745	 0.00481783
1746	 0.00481262
1747	 0.00480742
1748	 0.00480223
1749	 0.00479705
1750	 0.00479188
1751	 0.00478672
1752	 0.00478157
1753	 0.00477643
1754	 0.00477131
1755	 0.00476619
1756	 0.00476108
1757	 0.00475598
1758	 0.00475089
1759	 0.00474581
1760	 0.00474074
1761	 0.00473569
1762	 0.00473064
1763	 0.0047256
1764	 0.00472057
1765	 0.00471555
1766	 0.00471054
1767	 0.00470554
1768	 0.00470055
1769	 0.00469557
1770	 0.0046906
1771	 0.00468564
1772	 0.00468069
1773	 0.00467575
1774	 0.00467082
1775	 0.00466589
1776	 0.00466098
1777	 0.00465608
1778	 0.00465118
1779	 0.0046463
1780	 0.00464142
1781	 0.00463656
1782	 0.0046317
1783	 0.00462685
1784	 0.00462202
1785	 0.00461719
1786	 0.00461237
1787	 0.00460756
1788	 0.00460276
1789	 0.00459797
1790	 0.00459318
1791	 0.00458841
1792	 0.00458365
1793	 0.00457889
1794	 0.00457415
1795	 0.00456941
1796	 0.00456468
1797	 0.00455996
1798	 0.00455525
1799	 0.00455055
1800	 0.00454586
1801	 0.00454118
1802	 0.0045365
1803	 0.00453184
1804	 0.00452718
1805	 0.00452253
1806	 0.00451789
1807	 0.00451326
1808	 0.00450864
1809	 0.00450403
1810	 0.00449942
1811	 0.00449483
1812	 0.00449024
1813	 0.00448566
1814	 0.00448109
1815	 0.00447653
1816	 0.00447198
1817	 0.00446744
1818	 0.0044629
1819	 0.00445837
1820	 0.00445385
1821	 0.00444934
1822	 0.00444484
1823	 0.00444035
1824	 0.00443586
1825	 0.00443139
1826	 0.00442692
1827	 0.00442246
1828	 0.00441801
1829	 0.00441356
1830	 0.00440913
1831	 0.0044047
1832	 0.00440028
1833	 0.00439587
1834	 0.00439147
1835	 0.00438707
1836	 0.00438269
1837	 0.00437831
1838	 0.00437394
1839	 0.00436957
1840	 0.00436522
1841	 0.00436087
1842	 0.00435654
1843	 0.00435221
1844	 0.00434788
1845	 0.00434357
1846	 0.00433926
1847	 0.00433496
1848	 0.00433067
1849	 0.00432639
1850	 0.00432211
1851	 0.00431784
1852	 0.00431359
1853	 0.00430933
1854	 0.00430509
1855	 0.00430085
1856	 0.00429662
1857	 0.0042924
1858	 0.00428819
1859	 0.00428398
1860	 0.00427978
1861	 0.00427559
1862	 0.00427141
1863	 0.00426723
1864	 0.00426306
1865	 0.0042589
1866	 0.00425475
1867	 0.0042506
1868	 0.00424647
1869	 0.00424234
1870	 0.00423821
1871	 0.0042341
1872	 0.00422999
1873	 0.00422589
1874	 0.00422179
1875	 0.0042177
1876	 0.00421363
1877	 0.00420955
1878	 0.00420549
1879	 0.00420143
1880	 0.00419738
1881	 0.00419334
1882	 0.0041893
1883	 0.00418527
1884	 0.00418125
1885	 0.00417724
1886	 0.00417323
1887	 0.00416923
1888	 0.00416523
1889	 0.00416125
1890	 0.00415727
1891	 0.0041533
1892	 0.00414933
1893	 0.00414537
1894	 0.00414142
1895	 0.00413748
1896	 0.00413354
1897	 0.00412961
1898	 0.00412569
1899	 0.00412177
1900	 0.00411786
1901	 0.00411396
1902	 0.00411006
1903	 0.00410617
1904	 0.00410229
1905	 0.00409841
1906	 0.00409454
1907	 0.00409068
1908	 0.00408682
1909	 0.00408298
1910	 0.00407913
1911	 0.0040753
1912	 0.00407147
1913	 0.00406765
1914	 0.00406383
1915	 0.00406002
1916	 0.00405622
1917	 0.00405242
1918	 0.00404864
1919	 0.00404485
1920	 0.00404108
1921	 0.00403731
1922	 0.00403354
1923	 0.00402979
1924	 0.00402604
1925	 0.00402229
1926	 0.00401856
1927	 0.00401483
1928	 0.0040111
1929	 0.00400738
1930	 0.00400367
1931	 0.00399997
1932	 0.00399627
1933	 0.00399257
1934	 0.00398889
1935	 0.00398521
1936	 0.00398153
1937	 0.00397787
1938	 0.0039742
1939	 0.00397055
1940	 0.0039669
1941	 0.00396326
1942	 0.00395962
1943	 0.00395599
1944	 0.00395237
1945	 0.00394875
1946	 0.00394514
1947	 0.00394153
1948	 0.00393793
1949	 0.00393434
1950	 0.00393075
1951	 0.00392717
1952	 0.00392359
1953	 0.00392002
1954	 0.00391646
1955	 0.0039129
1956	 0.00390935
1957	 0.00390581
1958	 0.00390227
1959	 0.00389873
1960	 0.0038952
1961	 0.00389168
1962	 0.00388817
1963	 0.00388466
1964	 0.00388115
1965	 0.00387765
1966	 0.00387416
1967	 0.00387068
1968	 0.00386719
1969	 0.00386372
1970	 0.00386025
1971	 0.00385679
1972	 0.00385333
1973	 0.00384988
1974	 0.00384643
1975	 0.00384299
1976	 0.00383955
1977	 0.00383613
1978	 0.0038327
1979	 0.00382928
1980	 0.00382587
1981	 0.00382247
1982	 0.00381906
1983	 0.00381567
1984	 0.00381228
1985	 0.00380889
1986	 0.00380552
1987	 0.00380214
1988	 0.00379878
1989	 0.00379541
1990	 0.00379206
1991	 0.00378871
1992	 0.00378536
1993	 0.00378202
1994	 0.00377869
1995	 0.00377536
1996	 0.00377203
1997	 0.00376871
1998	 0.0037654
1999	 0.00376209
2000	 0.00375879
2001	 0.00375549
2002	 0.0037522
2003	 0.00374892
2004	 0.00374564
2005	 0.00374236
2006	 0.00373909
2007	 0.00373583
2008	 0.00373257
2009	 0.00372931
2010	 0.00372606
2011	 0.00372282
2012	 0.00371958
2013	 0.00371635
2014	 0.00371312
2015	 0.0037099
2016	 0.00370668
2017	 0.00370347
2018	 0.00370026
2019	 0.00369706
2020	 0.00369386
2021	 0.00369067
2022	 0.00368748
2023	 0.0036843
2024	 0.00368112
2025	 0.00367795
2026	 0.00367479
2027	 0.00367162
2028	 0.00366847
2029	 0.00366532
2030	 0.00366217
2031	 0.00365903
2032	 0.00365589
2033	 0.00365276
2034	 0.00364963
2035	 0.00364651
2036	 0.0036434
2037	 0.00364028
2038	 0.00363718
2039	 0.00363408
2040	 0.00363098
2041	 0.00362789
2042	 0.0036248
2043	 0.00362172
2044	 0.00361864
2045	 0.00361557
2046	 0.0036125
2047	 0.00360944
2048	 0.00360638
2049	 0.00360333
2050	 0.00360028
2051	 0.00359724
2052	 0.0035942
2053	 0.00359116
2054	 0.00358813
2055	 0.00358511
2056	 0.00358209
2057	 0.00357908
2058	 0.00357606
2059	 0.00357306
2060	 0.00357006
2061	 0.00356706
2062	 0.00356407
2063	 0.00356108
2064	 0.0035581
2065	 0.00355512
2066	 0.00355215
2067	 0.00354918
2068	 0.00354622
2069	 0.00354326
2070	 0.0035403
2071	 0.00353735
2072	 0.00353441
2073	 0.00353147
2074	 0.00352853
2075	 0.0035256
2076	 0.00352267
2077	 0.00351975
2078	 0.00351683
2079	 0.00351392
2080	 0.00351101
2081	 0.0035081
2082	 0.0035052
2083	 0.00350231
2084	 0.00349942
2085	 0.00349653
2086	 0.00349365
2087	 0.00349077
2088	 0.0034879
2089	 0.00348503
2090	 0.00348216
2091	 0.0034793
2092	 0.00347644
2093	 0.00347359
2094	 0.00347074
2095	 0.0034679
2096	 0.00346506
2097	 0.00346223
2098	 0.0034594
2099	 0.00345657
2100	 0.00345375
2101	 0.00345093
2102	 0.00344812
2103	 0.00344531
2104	 0.00344251
2105	 0.00343971
2106	 0.00343691
2107	 0.00343412
2108	 0.00343133
2109	 0.00342855
2110	 0.00342577
2111	 0.00342299
2112	 0.00342022
2113	 0.00341746
2114	 0.00341469
2115	 0.00341193
2116	 0.00340918
2117	 0.00340643
2118	 0.00340368
2119	 0.00340094
2120	 0.0033982
2121	 0.00339547
2122	 0.00339274
2123	 0.00339002
2124	 0.00338729
2125	 0.00338458
2126	 0.00338186
2127	 0.00337915
2128	 0.00337645
2129	 0.00337375
2130	 0.00337105
2131	 0.00336836
2132	 0.00336567
2133	 0.00336298
2134	 0.0033603
2135	 0.00335763
2136	 0.00335495
2137	 0.00335228
2138	 0.00334962
2139	 0.00334696
2140	 0.0033443
2141	 0.00334165
2142	 0.003339
2143	 0.00333635
2144	 0.00333371
2145	 0.00333107
2146	 0.00332844
2147	 0.00332581
2148	 0.00332318
2149	 0.00332056
2150	 0.00331794
2151	 0.00331532
2152	 0.00331271
2153	 0.00331011
2154	 0.0033075
2155	 0.0033049
2156	 0.00330231
2157	 0.00329972
2158	 0.00329713
2159	 0.00329454
2160	 0.00329196
2161	 0.00328939
2162	 0.00328681
2163	 0.00328425
2164	 0.00328168
2165	 0.00327912
2166	 0.00327656
2167	 0.00327401
2168	 0.00327146
2169	 0.00326891
2170	 0.00326637
2171	 0.00326383
2172	 0.00326129
2173	 0.00325876
2174	 0.00325623
2175	 0.0032537
2176	 0.00325118
2177	 0.00324867
2178	 0.00324615
2179	 0.00324364
2180	 0.00324114
2181	 0.00323863
2182	 0.00323613
2183	 0.00323364
2184	 0.00323114
2185	 0.00322866
2186	 0.00322617
2187	 0.00322369
2188	 0.00322121
2189	 0.00321874
2190	 0.00321627
2191	 0.0032138
2192	 0.00321133
2193	 0.00320887
2194	 0.00320642
2195	 0.00320396
2196	 0.00320151
2197	 0.00319907
2198	 0.00319663
2199	 0.00319419
2200	 0.00319175
2201	 0.00318932
2202	 0.00318689
2203	 0.00318446
2204	 0.00318204
2205	 0.00317962
2206	 0.00317721
2207	 0.0031748
2208	 0.00317239
2209	 0.00316998
2210	 0.00316758
2211	 0.00316518
2212	 0.00316279
2213	 0.0031604
2214	 0.00315801
2215	 0.00315562
2216	 0.00315324
2217	 0.00315087
2218	 0.00314849
2219	 0.00314612
2220	 0.00314375
2221	 0.00314139
2222	 0.00313903
2223	 0.00313667
2224	 0.00313431
2225	 0.00313196
2226	 0.00312961
2227	 0.00312727
2228	 0.00312493
2229	 0.00312259
2230	 0.00312025
2231	 0.00311792
2232	 0.00311559
2233	 0.00311327
2234	 0.00311095
2235	 0.00310863
2236	 0.00310631
2237	 0.003104
2238	 0.00310169
2239	 0.00309938
2240	 0.00309708
2241	 0.00309478
2242	 0.00309249
2243	 0.00309019
2244	 0.0030879
2245	 0.00308562
2246	 0.00308333
2247	 0.00308105
2248	 0.00307878
2249	 0.0030765
2250	 0.00307423
2251	 0.00307196
2252	 0.0030697
2253	 0.00306744
2254	 0.00306518
2255	 0.00306292
2256	 0.00306067
2257	 0.00305842
2258	 0.00305617
2259	 0.00305393
2260	 0.00305169
2261	 0.00304945
2262	 0.00304722
2263	 0.00304499
2264	 0.00304276
2265	 0.00304054
2266	 0.00303831
2267	 0.0030361
2268	 0.00303388
2269	 0.00303167
2270	 0.00302946
2271	 0.00302725
2272	 0.00302505
2273	 0.00302285
2274	 0.00302065
2275	 0.00301845
2276	 0.00301626
2277	 0.00301407
2278	 0.00301189
2279	 0.00300971
2280	 0.00300753
2281	 0.00300535
2282	 0.00300318
2283	 0.003001
2284	 0.00299884
2285	 0.00299667
2286	 0.00299451
2287	 0.00299235
2288	 0.00299019
2289	 0.00298804
2290	 0.00298589
2291	 0.00298374
2292	 0.0029816
2293	 0.00297946
2294	 0.00297732
2295	 0.00297518
2296	 0.00297305
2297	 0.00297092
2298	 0.00296879
2299	 0.00296666
2300	 0.00296454
2301	 0.00296242
2302	 0.00296031
2303	 0.00295819
2304	 0.00295608
2305	 0.00295397
2306	 0.00295187
2307	 0.00294977
2308	 0.00294767
2309	 0.00294557
2310	 0.00294348
2311	 0.00294139
2312	 0.0029393
2313	 0.00293721
2314	 0.00293513
2315	 0.00293305
2316	 0.00293097
2317	 0.0029289
2318	 0.00292683
2319	 0.00292476
2320	 0.00292269
2321	 0.00292063
2322	 0.00291857
2323	 0.00291651
2324	 0.00291446
2325	 0.0029124
2326	 0.00291035
2327	 0.00290831
2328	 0.00290626
2329	 0.00290422
2330	 0.00290218
2331	 0.00290014
2332	 0.00289811
2333	 0.00289608
2334	 0.00289405
2335	 0.00289202
2336	 0.00289
2337	 0.00288798
2338	 0.00288596
2339	 0.00288395
2340	 0.00288194
2341	 0.00287993
2342	 0.00287792
2343	 0.00287591
2344	 0.00287391
2345	 0.00287191
2346	 0.00286991
2347	 0.00286792
2348	 0.00286593
2349	 0.00286394
2350	 0.00286195
2351	 0.00285997
2352	 0.00285799
2353	 0.00285601
2354	 0.00285403
2355	 0.00285206
2356	 0.00285009
2357	 0.00284812
2358	 0.00284615
2359	 0.00284419
2360	 0.00284223
2361	 0.00284027
2362	 0.00283831
2363	 0.00283636
2364	 0.00283441
2365	 0.00283246
2366	 0.00283052
2367	 0.00282857
2368	 0.00282663
2369	 0.00282469
2370	 0.00282276
2371	 0.00282082
2372	 0.00281889
2373	 0.00281697
2374	 0.00281504
2375	 0.00281312
2376	 0.00281119
2377	 0.00280928
2378	 0.00280736
2379	 0.00280545
2380	 0.00280354
2381	 0.00280163
2382	 0.00279972
2383	 0.00279782
2384	 0.00279591
2385	 0.00279402
2386	 0.00279212
2387	 0.00279022
2388	 0.00278833
2389	 0.00278644
2390	 0.00278456
2391	 0.00278267
2392	 0.00278079
2393	 0.00277891
2394	 0.00277703
2395	 0.00277516
2396	 0.00277328
2397	 0.00277141
2398	 0.00276955
2399	 0.00276768
2400	 0.00276582
2401	 0.00276396
2402	 0.0027621
2403	 0.00276024
2404	 0.00275839
2405	 0.00275654
2406	 0.00275469
2407	 0.00275284
2408	 0.002751
2409	 0.00274915
2410	 0.00274731
2411	 0.00274548
2412	 0.00274364
2413	 0.00274181
2414	 0.00273998
2415	 0.00273815
2416	 0.00273632
2417	 0.0027345
2418	 0.00273268
2419	 0.00273086
2420	 0.00272904
2421	 0.00272722
2422	 0.00272541
2423	 0.0027236
2424	 0.00272179
2425	 0.00271999
2426	 0.00271818
2427	 0.00271638
2428	 0.00271458
2429	 0.00271279
2430	 0.00271099
2431	 0.0027092
2432	 0.00270741
2433	 0.00270562
2434	 0.00270384
2435	 0.00270205
2436	 0.00270027
2437	 0.00269849
2438	 0.00269671
2439	 0.00269494
2440	 0.00269317
2441	 0.0026914
2442	 0.00268963
2443	 0.00268786
2444	 0.0026861
2445	 0.00268434
2446	 0.00268258
2447	 0.00268082
2448	 0.00267907
2449	 0.00267731
2450	 0.00267556
2451	 0.00267381
2452	 0.00267207
2453	 0.00267032
2454	 0.00266858
2455	 0.00266684
2456	 0.0026651
2457	 0.00266337
2458	 0.00266163
2459	 0.0026599
2460	 0.00265817
2461	 0.00265644
2462	 0.00265472
2463	 0.00265299
2464	 0.00265127
2465	 0.00264955
2466	 0.00264784
2467	 0.00264612
2468	 0.00264441
2469	 0.0026427
2470	 0.00264099
2471	 0.00263928
2472	 0.00263758
2473	 0.00263588
2474	 0.00263418
2475	 0.00263248
2476	 0.00263078
2477	 0.00262909
2478	 0.0026274
2479	 0.00262571
2480	 0.00262402
2481	 0.00262233
2482	 0.00262065
2483	 0.00261897
2484	 0.00261729
2485	 0.00261561
2486	 0.00261393
2487	 0.00261226
2488	 0.00261059
2489	 0.00260892
2490	 0.00260725
2491	 0.00260558
2492	 0.00260392
2493	 0.00260226
2494	 0.0026006
2495	 0.00259894
2496	 0.00259728
2497	 0.00259563
2498	 0.00259398
2499	 0.00259233
2500	 0.00259068
2501	 0.00258903
2502	 0.00258739
2503	 0.00258575
2504	 0.00258411
2505	 0.00258247
2506	 0.00258083
2507	 0.0025792
2508	 0.00257757
2509	 0.00257594
2510	 0.00257431
2511	 0.00257268
2512	 0.00257106
2513	 0.00256943
2514	 0.00256781
2515	 0.00256619
2516	 0.00256458
2517	 0.00256296
2518	 0.00256135
2519	 0.00255974
2520	 0.00255813
2521	 0.00255652
2522	 0.00255492
2523	 0.00255331
2524	 0.00255171
2525	 0.00255011
2526	 0.00254851
2527	 0.00254692
2528	 0.00254532
2529	 0.00254373
2530	 0.00254214
2531	 0.00254055
2532	 0.00253896
2533	 0.00253738
2534	 0.0025358
2535	 0.00253422
2536	 0.00253264
2537	 0.00253106
2538	 0.00252948
2539	 0.00252791
2540	 0.00252634
2541	 0.00252477
2542	 0.0025232
2543	 0.00252163
2544	 0.00252007
2545	 0.00251851
2546	 0.00251694
2547	 0.00251539
2548	 0.00251383
2549	 0.00251227
2550	 0.00251072
2551	 0.00250917
2552	 0.00250762
2553	 0.00250607
2554	 0.00250452
2555	 0.00250298
2556	 0.00250143
2557	 0.00249989
2558	 0.00249835
2559	 0.00249682
2560	 0.00249528
2561	 0.00249375
2562	 0.00249221
2563	 0.00249068
2564	 0.00248916
2565	 0.00248763
2566	 0.0024861
2567	 0.00248458
2568	 0.00248306
2569	 0.00248154
2570	 0.00248002
2571	 0.0024785
2572	 0.00247699
2573	 0.00247548
2574	 0.00247397
2575	 0.00247246
2576	 0.00247095
2577	 0.00246944
2578	 0.00246794
2579	 0.00246644
2580	 0.00246493
2581	 0.00246344
2582	 0.00246194
2583	 0.00246044
2584	 0.00245895
2585	 0.00245746
2586	 0.00245597
2587	 0.00245448
2588	 0.00245299
2589	 0.0024515
2590	 0.00245002
2591	 0.00244854
2592	 0.00244706
2593	 0.00244558
2594	 0.0024441
2595	 0.00244263
2596	 0.00244115
2597	 0.00243968
2598	 0.00243821
2599	 0.00243674
2600	 0.00243528
2601	 0.00243381
2602	 0.00243235
2603	 0.00243088
2604	 0.00242942
2605	 0.00242797
2606	 0.00242651
2607	 0.00242505
2608	 0.0024236
2609	 0.00242215
2610	 0.0024207
2611	 0.00241925
2612	 0.0024178
2613	 0.00241635
2614	 0.00241491
2615	 0.00241347
2616	 0.00241203
2617	 0.00241059
2618	 0.00240915
2619	 0.00240771
2620	 0.00240628
2621	 0.00240485
2622	 0.00240342
2623	 0.00240199
2624	 0.00240056
2625	 0.00239913
2626	 0.00239771
2627	 0.00239629
2628	 0.00239486
2629	 0.00239344
2630	 0.00239203
2631	 0.00239061
2632	 0.00238919
2633	 0.00238778
2634	 0.00238637
2635	 0.00238496
2636	 0.00238355
2637	 0.00238214
2638	 0.00238074
2639	 0.00237933
2640	 0.00237793
2641	 0.00237653
2642	 0.00237513
2643	 0.00237373
2644	 0.00237233
2645	 0.00237094
2646	 0.00236955
2647	 0.00236815
2648	 0.00236676
2649	 0.00236538
2650	 0.00236399
2651	 0.0023626
2652	 0.00236122
2653	 0.00235984
2654	 0.00235845
2655	 0.00235707
2656	 0.0023557
2657	 0.00235432
2658	 0.00235295
2659	 0.00235157
2660	 0.0023502
2661	 0.00234883
2662	 0.00234746
2663	 0.00234609
2664	 0.00234473
2665	 0.00234336
2666	 0.002342
2667	 0.00234064
2668	 0.00233928
2669	 0.00233792
2670	 0.00233656
2671	 0.00233521
2672	 0.00233385
2673	 0.0023325
2674	 0.00233115
2675	 0.0023298
2676	 0.00232845
2677	 0.00232711
2678	 0.00232576
2679	 0.00232442
2680	 0.00232307
2681	 0.00232173
2682	 0.00232039
2683	 0.00231906
2684	 0.00231772
2685	 0.00231638
2686	 0.00231505
2687	 0.00231372
2688	 0.00231239
2689	 0.00231106
2690	 0.00230973
2691	 0.0023084
2692	 0.00230708
2693	 0.00230576
2694	 0.00230443
2695	 0.00230311
2696	 0.00230179
2697	 0.00230048
2698	 0.00229916
2699	 0.00229785
2700	 0.00229653
2701	 0.00229522
2702	 0.00229391
2703	 0.0022926
2704	 0.00229129
2705	 0.00228999
2706	 0.00228868
2707	 0.00228738
2708	 0.00228607
2709	 0.00228477
2710	 0.00228347
2711	 0.00228218
2712	 0.00228088
2713	 0.00227958
2714	 0.00227829
2715	 0.002277
2716	 0.00227571
2717	 0.00227442
2718	 0.00227313
2719	 0.00227184
2720	 0.00227056
2721	 0.00226927
2722	 0.00226799
2723	 0.00226671
2724	 0.00226543
2725	 0.00226415
2726	 0.00226287
2727	 0.00226159
2728	 0.00226032
2729	 0.00225905
2730	 0.00225777
2731	 0.0022565
2732	 0.00225523
2733	 0.00225397
2734	 0.0022527
2735	 0.00225143
2736	 0.00225017
2737	 0.00224891
2738	 0.00224765
2739	 0.00224639
2740	 0.00224513
2741	 0.00224387
2742	 0.00224262
2743	 0.00224136
2744	 0.00224011
2745	 0.00223886
2746	 0.0022376
2747	 0.00223636
2748	 0.00223511
2749	 0.00223386
2750	 0.00223262
2751	 0.00223137
2752	 0.00223013
2753	 0.00222889
2754	 0.00222765
2755	 0.00222641
2756	 0.00222517
2757	 0.00222393
2758	 0.0022227
2759	 0.00222147
2760	 0.00222023
2761	 0.002219
2762	 0.00221777
2763	 0.00221654
2764	 0.00221532
2765	 0.00221409
2766	 0.00221287
2767	 0.00221164
2768	 0.00221042
2769	 0.0022092
2770	 0.00220798
2771	 0.00220676
2772	 0.00220554
2773	 0.00220433
2774	 0.00220311
2775	 0.0022019
2776	 0.00220069
2777	 0.00219948
2778	 0.00219827
2779	 0.00219706
2780	 0.00219585
2781	 0.00219465
2782	 0.00219344
2783	 0.00219224
2784	 0.00219104
2785	 0.00218984
2786	 0.00218864
2787	 0.00218744
2788	 0.00218624
2789	 0.00218505
2790	 0.00218385
2791	 0.00218266
2792	 0.00218147
2793	 0.00218028
2794	 0.00217909
2795	 0.0021779
2796	 0.00217671
2797	 0.00217552
2798	 0.00217434
2799	 0.00217316
2800	 0.00217197
2801	 0.00217079
2802	 0.00216961
2803	 0.00216843
2804	 0.00216726
2805	 0.00216608
2806	 0.00216491
2807	 0.00216373
2808	 0.00216256
2809	 0.00216139
2810	 0.00216022
2811	 0.00215905
2812	 0.00215788
2813	 0.00215671
2814	 0.00215555
2815	 0.00215438
2816	 0.00215322
2817	 0.00215206
2818	 0.0021509
2819	 0.00214974
2820	 0.00214858
2821	 0.00214742
2822	 0.00214627
2823	 0.00214511
2824	 0.00214396
2825	 0.00214281
2826	 0.00214165
2827	 0.0021405
2828	 0.00213936
2829	 0.00213821
2830	 0.00213706
2831	 0.00213592
2832	 0.00213477
2833	 0.00213363
2834	 0.00213249
2835	 0.00213134
2836	 0.0021302
2837	 0.00212907
2838	 0.00212793
2839	 0.00212679
2840	 0.00212566
2841	 0.00212452
2842	 0.00212339
2843	 0.00212226
2844	 0.00212113
2845	 0.00212
2846	 0.00211887
2847	 0.00211774
2848	 0.00211662
2849	 0.00211549
2850	 0.00211437
2851	 0.00211325
2852	 0.00211212
2853	 0.002111
2854	 0.00210988
2855	 0.00210877
2856	 0.00210765
2857	 0.00210653
2858	 0.00210542
2859	 0.00210431
2860	 0.00210319
2861	 0.00210208
2862	 0.00210097
2863	 0.00209986
2864	 0.00209875
2865	 0.00209765
2866	 0.00209654
2867	 0.00209544
2868	 0.00209433
2869	 0.00209323
2870	 0.00209213
2871	 0.00209103
2872	 0.00208993
2873	 0.00208883
2874	 0.00208773
2875	 0.00208664
2876	 0.00208554
2877	 0.00208445
2878	 0.00208335
2879	 0.00208226
2880	 0.00208117
2881	 0.00208008
2882	 0.00207899
2883	 0.00207791
2884	 0.00207682
2885	 0.00207574
2886	 0.00207465
2887	 0.00207357
2888	 0.00207249
2889	 0.00207141
2890	 0.00207033
2891	 0.00206925
2892	 0.00206817
2893	 0.00206709
2894	 0.00206602
2895	 0.00206494
2896	 0.00206387
2897	 0.0020628
2898	 0.00206172
2899	 0.00206065
2900	 0.00205958
2901	 0.00205852
2902	 0.00205745
2903	 0.00205638
2904	 0.00205532
2905	 0.00205425
2906	 0.00205319
2907	 0.00205213
2908	 0.00205107
2909	 0.00205001
2910	 0.00204895
2911	 0.00204789
2912	 0.00204683
2913	 0.00204578
2914	 0.00204472
2915	 0.00204367
2916	 0.00204262
2917	 0.00204156
2918	 0.00204051
2919	 0.00203946
2920	 0.00203842
2921	 0.00203737
2922	 0.00203632
2923	 0.00203528
2924	 0.00203423
2925	 0.00203319
2926	 0.00203214
2927	 0.0020311
2928	 0.00203006
2929	 0.00202902
2930	 0.00202798
2931	 0.00202695
2932	 0.00202591
2933	 0.00202487
2934	 0.00202384
2935	 0.00202281
2936	 0.00202177
2937	 0.00202074
2938	 0.00201971
2939	 0.00201868
2940	 0.00201765
2941	 0.00201663
2942	 0.0020156
2943	 0.00201457
2944	 0.00201355
2945	 0.00201253
2946	 0.0020115
2947	 0.00201048
2948	 0.00200946
2949	 0.00200844
2950	 0.00200742
2951	 0.0020064
2952	 0.00200539
2953	 0.00200437
2954	 0.00200336
2955	 0.00200234
2956	 0.00200133
2957	 0.00200032
2958	 0.00199931
2959	 0.0019983
2960	 0.00199729
2961	 0.00199628
2962	 0.00199527
2963	 0.00199427
2964	 0.00199326
2965	 0.00199226
2966	 0.00199126
2967	 0.00199025
2968	 0.00198925
2969	 0.00198825
2970	 0.00198725
2971	 0.00198625
2972	 0.00198526
2973	 0.00198426
2974	 0.00198326
2975	 0.00198227
2976	 0.00198128
2977	 0.00198028
2978	 0.00197929
2979	 0.0019783
2980	 0.00197731
2981	 0.00197632
2982	 0.00197533
2983	 0.00197435
2984	 0.00197336
2985	 0.00197237
2986	 0.00197139
2987	 0.00197041
2988	 0.00196942
2989	 0.00196844
2990	 0.00196746
2991	 0.00196648
2992	 0.0019655
2993	 0.00196453
2994	 0.00196355
2995	 0.00196257
2996	 0.0019616
2997	 0.00196062
2998	 0.00195965
2999	 0.00195868
3000	 0.00195771
3001	 0.00195674
3002	 0.00195577
3003	 0.0019548
3004	 0.00195383
3005	 0.00195286
3006	 0.0019519
3007	 0.00195093
3008	 0.00194997
3009	 0.001949
3010	 0.00194804
3011	 0.00194708
3012	 0.00194612
3013	 0.00194516
3014	 0.0019442
3015	 0.00194324
3016	 0.00194229
3017	 0.00194133
3018	 0.00194037
3019	 0.00193942
3020	 0.00193847
3021	 0.00193751
3022	 0.00193656
3023	 0.00193561
3024	 0.00193466
3025	 0.00193371
3026	 0.00193276
3027	 0.00193182
3028	 0.00193087
3029	 0.00192992
3030	 0.00192898
3031	 0.00192804
3032	 0.00192709
3033	 0.00192615
3034	 0.00192521
3035	 0.00192427
3036	 0.00192333
3037	 0.00192239
3038	 0.00192145
3039	 0.00192052
3040	 0.00191958
3041	 0.00191865
3042	 0.00191771
3043	 0.00191678
3044	 0.00191585
3045	 0.00191491
3046	 0.00191398
3047	 0.00191305
3048	 0.00191212
3049	 0.0019112
3050	 0.00191027
3051	 0.00190934
3052	 0.00190842
3053	 0.00190749
3054	 0.00190657
3055	 0.00190565
3056	 0.00190472
3057	 0.0019038
3058	 0.00190288
3059	 0.00190196
3060	 0.00190104
3061	 0.00190012
3062	 0.00189921
3063	 0.00189829
3064	 0.00189738
3065	 0.00189646
3066	 0.00189555
3067	 0.00189463
3068	 0.00189372
3069	 0.00189281
3070	 0.0018919
3071	 0.00189099
3072	 0.00189008
3073	 0.00188917
3074	 0.00188827
3075	 0.00188736
3076	 0.00188645
3077	 0.00188555
3078	 0.00188464
3079	 0.00188374
3080	 0.00188284
3081	 0.00188194
3082	 0.00188104
3083	 0.00188014
3084	 0.00187924
3085	 0.00187834
3086	 0.00187744
3087	 0.00187655
3088	 0.00187565
3089	 0.00187476
3090	 0.00187386
3091	 0.00187297
3092	 0.00187208
3093	 0.00187118
3094	 0.00187029
3095	 0.0018694
3096	 0.00186851
3097	 0.00186762
3098	 0.00186674
3099	 0.00186585
3100	 0.00186496
3101	 0.00186408
3102	 0.00186319
3103	 0.00186231
3104	 0.00186143
3105	 0.00186055
3106	 0.00185966
3107	 0.00185878
3108	 0.0018579
3109	 0.00185702
3110	 0.00185615
3111	 0.00185527
3112	 0.00185439
3113	 0.00185352
3114	 0.00185264
3115	 0.00185177
3116	 0.00185089
3117	 0.00185002
3118	 0.00184915
3119	 0.00184828
3120	 0.00184741
3121	 0.00184654
3122	 0.00184567
3123	 0.0018448
3124	 0.00184393
3125	 0.00184307
3126	 0.0018422
3127	 0.00184134
3128	 0.00184047
3129	 0.00183961
3130	 0.00183875
3131	 0.00183788
3132	 0.00183702
3133	 0.00183616
3134	 0.0018353
3135	 0.00183445
3136	 0.00183359
3137	 0.00183273
3138	 0.00183187
3139	 0.00183102
3140	 0.00183016
3141	 0.00182931
3142	 0.00182845
3143	 0.0018276
3144	 0.00182675
3145	 0.0018259
3146	 0.00182505
3147	 0.0018242
3148	 0.00182335
3149	 0.0018225
3150	 0.00182165
3151	 0.00182081
3152	 0.00181996
3153	 0.00181912
3154	 0.00181827
3155	 0.00181743
3156	 0.00181658
3157	 0.00181574
3158	 0.0018149
3159	 0.00181406
3160	 0.00181322
3161	 0.00181238
3162	 0.00181154
3163	 0.0018107
3164	 0.00180987
3165	 0.00180903
3166	 0.00180819
3167	 0.00180736
3168	 0.00180653
3169	 0.00180569
3170	 0.00180486
3171	 0.00180403
3172	 0.0018032
3173	 0.00180237
3174	 0.00180154
3175	 0.00180071
3176	 0.00179988
3177	 0.00179905
3178	 0.00179822
3179	 0.0017974
3180	 0.00179657
3181	 0.00179575
3182	 0.00179492
3183	 0.0017941
3184	 0.00179328
3185	 0.00179246
3186	 0.00179163
3187	 0.00179081
3188	 0.00178999
3189	 0.00178917
3190	 0.00178836
3191	 0.00178754
3192	 0.00178672
3193	 0.00178591
3194	 0.00178509
3195	 0.00178428
3196	 0.00178346
3197	 0.00178265
3198	 0.00178184
3199	 0.00178102
3200	 0.00178021
3201	 0.0017794
3202	 0.00177859
3203	 0.00177778
3204	 0.00177697
3205	 0.00177617
3206	 0.00177536
3207	 0.00177455
3208	 0.00177375
3209	 0.00177294
3210	 0.00177214
3211	 0.00177133
3212	 0.00177053
3213	 0.00176973
3214	 0.00176893
3215	 0.00176813
3216	 0.00176733
3217	 0.00176653
3218	 0.00176573
3219	 0.00176493
3220	 0.00176413
3221	 0.00176334
3222	 0.00176254
3223	 0.00176174
3224	 0.00176095
3225	 0.00176016
3226	 0.00175936
3227	 0.00175857
3228	 0.00175778
3229	 0.00175699
3230	 0.0017562
3231	 0.00175541
3232	 0.00175462
3233	 0.00175383
3234	 0.00175304
3235	 0.00175225
3236	 0.00175147
3237	 0.00175068
3238	 0.00174989
3239	 0.00174911
3240	 0.00174833
3241	 0.00174754
3242	 0.00174676
3243	 0.00174598
3244	 0.0017452
3245	 0.00174442
3246	 0.00174364
3247	 0.00174286
3248	 0.00174208
3249	 0.0017413
3250	 0.00174052
3251	 0.00173975
3252	 0.00173897
3253	 0.0017382
3254	 0.00173742
3255	 0.00173665
3256	 0.00173587
3257	 0.0017351
3258	 0.00173433
3259	 0.00173356
3260	 0.00173279
3261	 0.00173202
3262	 0.00173125
3263	 0.00173048
3264	 0.00172971
3265	 0.00172894
3266	 0.00172818
3267	 0.00172741
3268	 0.00172664
3269	 0.00172588
3270	 0.00172511
3271	 0.00172435
3272	 0.00172359
3273	 0.00172283
3274	 0.00172206
3275	 0.0017213
3276	 0.00172054
3277	 0.00171978
3278	 0.00171902
3279	 0.00171827
3280	 0.00171751
3281	 0.00171675
3282	 0.00171599
3283	 0.00171524
3284	 0.00171448
3285	 0.00171373
3286	 0.00171297
3287	 0.00171222
3288	 0.00171147
3289	 0.00171071
3290	 0.00170996
3291	 0.00170921
3292	 0.00170846
3293	 0.00170771
3294	 0.00170696
3295	 0.00170621
3296	 0.00170547
3297	 0.00170472
3298	 0.00170397
3299	 0.00170323
3300	 0.00170248
3301	 0.00170174
3302	 0.00170099
3303	 0.00170025
3304	 0.00169951
3305	 0.00169876
3306	 0.00169802
3307	 0.00169728
3308	 0.00169654
3309	 0.0016958
3310	 0.00169506
3311	 0.00169432
3312	 0.00169359
3313	 0.00169285
3314	 0.00169211
3315	 0.00169138
3316	 0.00169064
3317	 0.00168991
3318	 0.00168917
3319	 0.00168844
3320	 0.0016877
3321	 0.00168697
3322	 0.00168624
3323	 0.00168551
3324	 0.00168478
3325	 0.00168405
3326	 0.00168332
3327	 0.00168259
3328	 0.00168186
3329	 0.00168113
3330	 0.00168041
3331	 0.00167968
3332	 0.00167895
3333	 0.00167823
3334	 0.0016775
3335	 0.00167678
3336	 0.00167606
3337	 0.00167533
3338	 0.00167461
3339	 0.00167389
3340	 0.00167317
3341	 0.00167245
3342	 0.00167173
3343	 0.00167101
3344	 0.00167029
3345	 0.00166957
3346	 0.00166885
3347	 0.00166814
3348	 0.00166742
3349	 0.00166671
3350	 0.00166599
3351	 0.00166528
3352	 0.00166456
3353	 0.00166385
3354	 0.00166313
3355	 0.00166242
3356	 0.00166171
3357	 0.001661
3358	 0.00166029
3359	 0.00165958
3360	 0.00165887
3361	 0.00165816
3362	 0.00165745
3363	 0.00165674
3364	 0.00165604
3365	 0.00165533
3366	 0.00165462
3367	 0.00165392
3368	 0.00165321
3369	 0.00165251
3370	 0.00165181
3371	 0.0016511
3372	 0.0016504
3373	 0.0016497
3374	 0.001649
3375	 0.0016483
3376	 0.0016476
3377	 0.0016469
3378	 0.0016462
3379	 0.0016455
3380	 0.0016448
3381	 0.0016441
3382	 0.00164341
3383	 0.00164271
3384	 0.00164201
3385	 0.00164132
3386	 0.00164062
3387	 0.00163993
3388	 0.00163924
3389	 0.00163854
3390	 0.00163785
3391	 0.00163716
3392	 0.00163647
3393	 0.00163578
3394	 0.00163509
3395	 0.0016344
3396	 0.00163371
3397	 0.00163302
3398	 0.00163233
3399	 0.00163164
3400	 0.00163096
3401	 0.00163027
3402	 0.00162958
3403	 0.0016289
3404	 0.00162821
3405	 0.00162753
3406	 0.00162685
3407	 0.00162616
3408	 0.00162548
3409	 0.0016248
3410	 0.00162412
3411	 0.00162344
3412	 0.00162276
3413	 0.00162208
3414	 0.0016214
3415	 0.00162072
3416	 0.00162004
3417	 0.00161936
3418	 0.00161868
3419	 0.00161801
3420	 0.00161733
3421	 0.00161666
3422	 0.00161598
3423	 0.00161531
3424	 0.00161463
3425	 0.00161396
3426	 0.00161329
3427	 0.00161261
3428	 0.00161194
3429	 0.00161127
3430	 0.0016106
3431	 0.00160993
3432	 0.00160926
3433	 0.00160859
3434	 0.00160792
3435	 0.00160726
3436	 0.00160659
3437	 0.00160592
3438	 0.00160525
3439	 0.00160459
3440	 0.00160392
3441	 0.00160326
3442	 0.00160259
3443	 0.00160193
3444	 0.00160127
3445	 0.0016006
3446	 0.00159994
3447	 0.00159928
3448	 0.00159862
3449	 0.00159796
3450	 0.0015973
3451	 0.00159664
3452	 0.00159598
3453	 0.00159532
3454	 0.00159466
3455	 0.001594
3456	 0.00159335
3457	 0.00159269
3458	 0.00159203
3459	 0.00159138
3460	 0.00159072
3461	 0.00159007
3462	 0.00158942
3463	 0.00158876
3464	 0.00158811
3465	 0.00158746
3466	 0.0015868
3467	 0.00158615
3468	 0.0015855
3469	 0.00158485
3470	 0.0015842
3471	 0.00158355
3472	 0.0015829
3473	 0.00158225
3474	 0.00158161
3475	 0.00158096
3476	 0.00158031
3477	 0.00157967
3478	 0.00157902
3479	 0.00157837
3480	 0.00157773
3481	 0.00157709
3482	 0.00157644
3483	 0.0015758
3484	 0.00157516
3485	 0.00157451
3486	 0.00157387
3487	 0.00157323
3488	 0.00157259
3489	 0.00157195
3490	 0.00157131
3491	 0.00157067
3492	 0.00157003
3493	 0.00156939
3494	 0.00156875
3495	 0.00156812
3496	 0.00156748
3497	 0.00156684
3498	 0.00156621
3499	 0.00156557
3500	 0.00156494
3501	 0.0015643
3502	 0.00156367
3503	 0.00156303
3504	 0.0015624
3505	 0.00156177
3506	 0.00156114
3507	 0.00156051
3508	 0.00155987
3509	 0.00155924
3510	 0.00155861
3511	 0.00155798
3512	 0.00155735
3513	 0.00155673
3514	 0.0015561
3515	 0.00155547
3516	 0.00155484
3517	 0.00155422
3518	 0.00155359
3519	 0.00155296
3520	 0.00155234
3521	 0.00155171
3522	 0.00155109
3523	 0.00155047
3524	 0.00154984
3525	 0.00154922
3526	 0.0015486
3527	 0.00154798
3528	 0.00154735
3529	 0.00154673
3530	 0.00154611
3531	 0.00154549
3532	 0.00154487
3533	 0.00154425
3534	 0.00154364
3535	 0.00154302
3536	 0.0015424
3537	 0.00154178
3538	 0.00154117
3539	 0.00154055
3540	 0.00153993
3541	 0.00153932
3542	 0.0015387
3543	 0.00153809
3544	 0.00153747
3545	 0.00153686
3546	 0.00153625
3547	 0.00153564
3548	 0.00153502
3549	 0.00153441
3550	 0.0015338
3551	 0.00153319
3552	 0.00153258
3553	 0.00153197
3554	 0.00153136
3555	 0.00153075
3556	 0.00153014
3557	 0.00152954
3558	 0.00152893
3559	 0.00152832
3560	 0.00152771
3561	 0.00152711
3562	 0.0015265
3563	 0.0015259
3564	 0.00152529
3565	 0.00152469
3566	 0.00152409
3567	 0.00152348
3568	 0.00152288
3569	 0.00152228
3570	 0.00152167
3571	 0.00152107
3572	 0.00152047
3573	 0.00151987
3574	 0.00151927
3575	 0.00151867
3576	 0.00151807
3577	 0.00151747
3578	 0.00151688
3579	 0.00151628
3580	 0.00151568
3581	 0.00151508
3582	 0.00151449
3583	 0.00151389
3584	 0.00151329
3585	 0.0015127
3586	 0.0015121
3587	 0.00151151
3588	 0.00151092
3589	 0.00151032
3590	 0.00150973
3591	 0.00150914
3592	 0.00150855
3593	 0.00150795
3594	 0.00150736
3595	 0.00150677
3596	 0.00150618
3597	 0.00150559
3598	 0.001505
3599	 0.00150441
3600	 0.00150382
3601	 0.00150324
3602	 0.00150265
3603	 0.00150206
3604	 0.00150147
3605	 0.00150089
3606	 0.0015003
3607	 0.00149972
3608	 0.00149913
3609	 0.00149855
3610	 0.00149796
3611	 0.00149738
3612	 0.0014968
3613	 0.00149621
3614	 0.00149563
3615	 0.00149505
3616	 0.00149447
3617	 0.00149388
3618	 0.0014933
3619	 0.00149272
3620	 0.00149214
3621	 0.00149156
3622	 0.00149099
3623	 0.00149041
3624	 0.00148983
3625	 0.00148925
3626	 0.00148867
3627	 0.0014881
3628	 0.00148752
3629	 0.00148694
3630	 0.00148637
3631	 0.00148579
3632	 0.00148522
3633	 0.00148464
3634	 0.00148407
3635	 0.0014835
3636	 0.00148292
3637	 0.00148235
3638	 0.00148178
3639	 0.00148121
3640	 0.00148064
3641	 0.00148006
3642	 0.00147949
3643	 0.00147892
3644	 0.00147835
3645	 0.00147778
3646	 0.00147722
3647	 0.00147665
3648	 0.00147608
3649	 0.00147551
3650	 0.00147494
3651	 0.00147438
3652	 0.00147381
3653	 0.00147324
3654	 0.00147268
3655	 0.00147211
3656	 0.00147155
3657	 0.00147099
3658	 0.00147042
3659	 0.00146986
3660	 0.00146929
3661	 0.00146873
3662	 0.00146817
3663	 0.00146761
3664	 0.00146705
3665	 0.00146649
3666	 0.00146592
3667	 0.00146536
3668	 0.0014648
3669	 0.00146425
3670	 0.00146369
3671	 0.00146313
3672	 0.00146257
3673	 0.00146201
3674	 0.00146145
3675	 0.0014609
3676	 0.00146034
3677	 0.00145978
3678	 0.00145923
3679	 0.00145867
3680	 0.00145812
3681	 0.00145756
3682	 0.00145701
3683	 0.00145646
3684	 0.0014559
3685	 0.00145535
3686	 0.0014548
3687	 0.00145424
3688	 0.00145369
3689	 0.00145314
3690	 0.00145259
3691	 0.00145204
3692	 0.00145149
3693	 0.00145094
3694	 0.00145039
3695	 0.00144984
3696	 0.00144929
3697	 0.00144875
3698	 0.0014482
3699	 0.00144765
3700	 0.0014471
3701	 0.00144656
3702	 0.00144601
3703	 0.00144546
3704	 0.00144492
3705	 0.00144437
3706	 0.00144383
3707	 0.00144329
3708	 0.00144274
3709	 0.0014422
3710	 0.00144165
3711	 0.00144111
3712	 0.00144057
3713	 0.00144003
3714	 0.00143949
3715	 0.00143895
3716	 0.0014384
3717	 0.00143786
3718	 0.00143732
3719	 0.00143678
3720	 0.00143625
3721	 0.00143571
3722	 0.00143517
3723	 0.00143463
3724	 0.00143409
3725	 0.00143356
3726	 0.00143302
3727	 0.00143248
3728	 0.00143195
3729	 0.00143141
3730	 0.00143087
3731	 0.00143034
3732	 0.00142981
3733	 0.00142927
3734	 0.00142874
3735	 0.0014282
3736	 0.00142767
3737	 0.00142714
3738	 0.00142661
3739	 0.00142607
3740	 0.00142554
3741	 0.00142501
3742	 0.00142448
3743	 0.00142395
3744	 0.00142342
3745	 0.00142289
3746	 0.00142236
3747	 0.00142183
3748	 0.0014213
3749	 0.00142078
3750	 0.00142025
3751	 0.00141972
3752	 0.00141919
3753	 0.00141867
3754	 0.00141814
3755	 0.00141761
3756	 0.00141709
3757	 0.00141656
3758	 0.00141604
3759	 0.00141551
3760	 0.00141499
3761	 0.00141447
3762	 0.00141394
3763	 0.00141342
3764	 0.0014129
3765	 0.00141238
3766	 0.00141185
3767	 0.00141133
3768	 0.00141081
3769	 0.00141029
3770	 0.00140977
3771	 0.00140925
3772	 0.00140873
3773	 0.00140821
3774	 0.00140769
3775	 0.00140717
3776	 0.00140665
3777	 0.00140614
3778	 0.00140562
3779	 0.0014051
3780	 0.00140459
3781	 0.00140407
3782	 0.00140355
3783	 0.00140304
3784	 0.00140252
3785	 0.00140201
3786	 0.00140149
3787	 0.00140098
3788	 0.00140046
3789	 0.00139995
3790	 0.00139944
3791	 0.00139893
3792	 0.00139841
3793	 0.0013979
3794	 0.00139739
3795	 0.00139688
3796	 0.00139637
3797	 0.00139586
3798	 0.00139535
3799	 0.00139484
3800	 0.00139433
3801	 0.00139382
3802	 0.00139331
3803	 0.0013928
3804	 0.00139229
3805	 0.00139178
3806	 0.00139128
3807	 0.00139077
3808	 0.00139026
3809	 0.00138976
3810	 0.00138925
3811	 0.00138874
3812	 0.00138824
3813	 0.00138773
3814	 0.00138723
3815	 0.00138673
3816	 0.00138622
3817	 0.00138572
3818	 0.00138521
3819	 0.00138471
3820	 0.00138421
3821	 0.00138371
3822	 0.00138321
3823	 0.0013827
3824	 0.0013822
3825	 0.0013817
3826	 0.0013812
3827	 0.0013807
3828	 0.0013802
3829	 0.0013797
3830	 0.0013792
3831	 0.0013787
3832	 0.00137821
3833	 0.00137771
3834	 0.00137721
3835	 0.00137671
3836	 0.00137622
3837	 0.00137572
3838	 0.00137522
3839	 0.00137473
3840	 0.00137423
3841	 0.00137374
3842	 0.00137324
3843	 0.00137275
3844	 0.00137225
3845	 0.00137176
3846	 0.00137126
3847	 0.00137077
3848	 0.00137028
3849	 0.00136979
3850	 0.00136929
3851	 0.0013688
3852	 0.00136831
3853	 0.00136782
3854	 0.00136733
3855	 0.00136684
3856	 0.00136635
3857	 0.00136586
3858	 0.00136537
3859	 0.00136488
3860	 0.00136439
3861	 0.0013639
3862	 0.00136341
3863	 0.00136293
3864	 0.00136244
3865	 0.00136195
3866	 0.00136146
3867	 0.00136098
3868	 0.00136049
3869	 0.00136001
3870	 0.00135952
3871	 0.00135903
3872	 0.00135855
3873	 0.00135806
3874	 0.00135758
3875	 0.0013571
3876	 0.00135661
3877	 0.00135613
3878	 0.00135565
3879	 0.00135516
3880	 0.00135468
3881	 0.0013542
3882	 0.00135372
3883	 0.00135324
3884	 0.00135276
3885	 0.00135228
3886	 0.0013518
3887	 0.00135132
3888	 0.00135084
3889	 0.00135036
3890	 0.00134988
3891	 0.0013494
3892	 0.00134892
3893	 0.00134844
3894	 0.00134796
3895	 0.00134749
3896	 0.00134701
3897	 0.00134653
3898	 0.00134606
3899	 0.00134558
3900	 0.00134511
3901	 0.00134463
3902	 0.00134415
3903	 0.00134368
3904	 0.00134321
3905	 0.00134273
3906	 0.00134226
3907	 0.00134178
3908	 0.00134131
3909	 0.00134084
3910	 0.00134037
3911	 0.00133989
3912	 0.00133942
3913	 0.00133895
3914	 0.00133848
3915	 0.00133801
3916	 0.00133754
3917	 0.00133707
3918	 0.0013366
3919	 0.00133613
3920	 0.00133566
3921	 0.00133519
3922	 0.00133472
3923	 0.00133425
3924	 0.00133378
3925	 0.00133331
3926	 0.00133285
3927	 0.00133238
3928	 0.00133191
3929	 0.00133145
3930	 0.00133098
3931	 0.00133051
3932	 0.00133005
3933	 0.00132958
3934	 0.00132912
3935	 0.00132865
3936	 0.00132819
3937	 0.00132772
3938	 0.00132726
3939	 0.0013268
3940	 0.00132633
3941	 0.00132587
3942	 0.00132541
3943	 0.00132495
3944	 0.00132448
3945	 0.00132402
3946	 0.00132356
3947	 0.0013231
3948	 0.00132264
3949	 0.00132218
3950	 0.00132172
3951	 0.00132126
3952	 0.0013208
3953	 0.00132034
3954	 0.00131988
3955	 0.00131942
3956	 0.00131897
3957	 0.00131851
3958	 0.00131805
3959	 0.00131759
3960	 0.00131714
3961	 0.00131668
3962	 0.00131622
3963	 0.00131577
3964	 0.00131531
3965	 0.00131485
3966	 0.0013144
3967	 0.00131394
3968	 0.00131349
3969	 0.00131304
3970	 0.00131258
3971	 0.00131213
3972	 0.00131167
3973	 0.00131122
3974	 0.00131077
3975	 0.00131032
3976	 0.00130986
3977	 0.00130941
3978	 0.00130896
3979	 0.00130851
3980	 0.00130806
3981	 0.00130761
3982	 0.00130716
3983	 0.00130671
3984	 0.00130626
3985	 0.00130581
3986	 0.00130536
3987	 0.00130491
3988	 0.00130446
3989	 0.00130401
3990	 0.00130356
3991	 0.00130312
3992	 0.00130267
3993	 0.00130222
3994	 0.00130177
3995	 0.00130133
3996	 0.00130088
3997	 0.00130044
3998	 0.00129999
3999	 0.00129954
4000	 0.0012991
