1	 0.0413177
2	 0.0398526
3	 0.0384805
4	 0.0371935
5	 0.0359847
6	 0.0348477
7	 0.0337769
8	 0.032767
9	 0.0318135
10	 0.030912
11	 0.0300586
12	 0.02925
13	 0.0284829
14	 0.0277544
15	 0.0270618
16	 0.0264027
17	 0.0257748
18	 0.0251761
19	 0.0246048
20	 0.0240591
21	 0.0235373
22	 0.0230381
23	 0.0225601
24	 0.0221019
25	 0.0216626
26	 0.0212409
27	 0.0208358
28	 0.0204465
29	 0.0200721
30	 0.0197118
31	 0.0193647
32	 0.0190303
33	 0.0187079
34	 0.0183969
35	 0.0180966
36	 0.0178066
37	 0.0175264
38	 0.0172555
39	 0.0169934
40	 0.0167397
41	 0.0164941
42	 0.0162562
43	 0.0160256
44	 0.015802
45	 0.0155851
46	 0.0153746
47	 0.0151703
48	 0.0149718
49	 0.014779
50	 0.0145916
51	 0.0144093
52	 0.0142321
53	 0.0140596
54	 0.0138917
55	 0.0137282
56	 0.013569
57	 0.0134138
58	 0.0132626
59	 0.0131152
60	 0.0129714
61	 0.0128311
62	 0.0126942
63	 0.0125606
64	 0.0124301
65	 0.0123027
66	 0.0121782
67	 0.0120566
68	 0.0119377
69	 0.0118215
70	 0.0117078
71	 0.0115966
72	 0.0114879
73	 0.0113814
74	 0.0112772
75	 0.0111752
76	 0.0110753
77	 0.0109775
78	 0.0108816
79	 0.0107877
80	 0.0106956
81	 0.0106054
82	 0.0105169
83	 0.0104301
84	 0.010345
85	 0.0102615
86	 0.0101796
87	 0.0100992
88	 0.0100202
89	 0.00994276
90	 0.00986668
91	 0.00979197
92	 0.00971858
93	 0.00964649
94	 0.00957566
95	 0.00950605
96	 0.00943764
97	 0.00937039
98	 0.00930427
99	 0.00923926
100	 0.00917532
101	 0.00911244
102	 0.00905058
103	 0.00898972
104	 0.00892983
105	 0.0088709
106	 0.00881289
107	 0.00875579
108	 0.00869958
109	 0.00864423
110	 0.00858972
111	 0.00853604
112	 0.00848317
113	 0.00843108
114	 0.00837976
115	 0.0083292
116	 0.00827937
117	 0.00823026
118	 0.00818186
119	 0.00813414
120	 0.0080871
121	 0.00804072
122	 0.00799498
123	 0.00794988
124	 0.00790539
125	 0.00786151
126	 0.00781822
127	 0.00777552
128	 0.00773338
129	 0.0076918
130	 0.00765076
131	 0.00761026
132	 0.00757028
133	 0.00753082
134	 0.00749186
135	 0.0074534
136	 0.00741542
137	 0.00737792
138	 0.00734088
139	 0.0073043
140	 0.00726816
141	 0.00723247
142	 0.00719721
143	 0.00716237
144	 0.00712795
145	 0.00709394
146	 0.00706033
147	 0.00702711
148	 0.00699428
149	 0.00696182
150	 0.00692974
151	 0.00689803
152	 0.00686668
153	 0.00683568
154	 0.00680502
155	 0.00677471
156	 0.00674474
157	 0.00671509
158	 0.00668577
159	 0.00665676
160	 0.00662807
161	 0.00659969
162	 0.00657161
163	 0.00654383
164	 0.00651634
165	 0.00648914
166	 0.00646222
167	 0.00643558
168	 0.00640922
169	 0.00638312
170	 0.0063573
171	 0.00633173
172	 0.00630642
173	 0.00628136
174	 0.00625656
175	 0.00623199
176	 0.00620767
177	 0.00618359
178	 0.00615974
179	 0.00613613
180	 0.00611274
181	 0.00608957
182	 0.00606663
183	 0.0060439
184	 0.00602138
185	 0.00599908
186	 0.00597698
187	 0.00595509
188	 0.00593341
189	 0.00591191
190	 0.00589062
191	 0.00586952
192	 0.00584861
193	 0.00582789
194	 0.00580735
195	 0.00578699
196	 0.00576682
197	 0.00574682
198	 0.00572699
199	 0.00570734
200	 0.00568786
201	 0.00566855
202	 0.0056494
203	 0.00563042
204	 0.0056116
205	 0.00559293
206	 0.00557442
207	 0.00555607
208	 0.00553787
209	 0.00551982
210	 0.00550192
211	 0.00548417
212	 0.00546656
213	 0.00544909
214	 0.00543177
215	 0.00541458
216	 0.00539754
217	 0.00538062
218	 0.00536385
219	 0.0053472
220	 0.00533069
221	 0.0053143
222	 0.00529804
223	 0.00528191
224	 0.0052659
225	 0.00525002
226	 0.00523425
227	 0.00521861
228	 0.00520308
229	 0.00518767
230	 0.00517238
231	 0.0051572
232	 0.00514213
233	 0.00512718
234	 0.00511233
235	 0.0050976
236	 0.00508297
237	 0.00506845
238	 0.00505403
239	 0.00503972
240	 0.00502551
241	 0.0050114
242	 0.00499739
243	 0.00498348
244	 0.00496967
245	 0.00495595
246	 0.00494233
247	 0.00492881
248	 0.00491538
249	 0.00490204
250	 0.00488879
251	 0.00487564
252	 0.00486257
253	 0.0048496
254	 0.00483671
255	 0.0048239
256	 0.00481118
257	 0.00479855
258	 0.004786
259	 0.00477354
260	 0.00476115
261	 0.00474885
262	 0.00473663
263	 0.00472449
264	 0.00471242
265	 0.00470044
266	 0.00468853
267	 0.0046767
268	 0.00466494
269	 0.00465326
270	 0.00464165
271	 0.00463011
272	 0.00461865
273	 0.00460726
274	 0.00459594
275	 0.00458469
276	 0.00457351
277	 0.00456239
278	 0.00455135
279	 0.00454037
280	 0.00452946
281	 0.00451862
282	 0.00450784
283	 0.00449713
284	 0.00448648
285	 0.00447589
286	 0.00446537
287	 0.00445491
288	 0.00444451
289	 0.00443417
290	 0.00442389
291	 0.00441368
292	 0.00440352
293	 0.00439342
294	 0.00438338
295	 0.00437339
296	 0.00436347
297	 0.0043536
298	 0.00434379
299	 0.00433403
300	 0.00432432
301	 0.00431468
302	 0.00430508
303	 0.00429554
304	 0.00428605
305	 0.00427662
306	 0.00426723
307	 0.0042579
308	 0.00424862
309	 0.00423939
310	 0.00423021
311	 0.00422108
312	 0.004212
313	 0.00420297
314	 0.00419399
315	 0.00418505
316	 0.00417616
317	 0.00416732
318	 0.00415853
319	 0.00414978
320	 0.00414108
321	 0.00413243
322	 0.00412381
323	 0.00411525
324	 0.00410673
325	 0.00409825
326	 0.00408982
327	 0.00408142
328	 0.00407308
329	 0.00406477
330	 0.00405651
331	 0.00404829
332	 0.00404011
333	 0.00403197
334	 0.00402387
335	 0.00401581
336	 0.00400779
337	 0.00399982
338	 0.00399188
339	 0.00398398
340	 0.00397612
341	 0.00396829
342	 0.00396051
343	 0.00395276
344	 0.00394506
345	 0.00393738
346	 0.00392975
347	 0.00392215
348	 0.00391459
349	 0.00390706
350	 0.00389957
351	 0.00389212
352	 0.0038847
353	 0.00387732
354	 0.00386997
355	 0.00386265
356	 0.00385537
357	 0.00384812
358	 0.00384091
359	 0.00383373
360	 0.00382658
361	 0.00381947
362	 0.00381238
363	 0.00380533
364	 0.00379832
365	 0.00379133
366	 0.00378438
367	 0.00377745
368	 0.00377056
369	 0.0037637
370	 0.00375687
371	 0.00375007
372	 0.0037433
373	 0.00373656
374	 0.00372985
375	 0.00372317
376	 0.00371651
377	 0.00370989
378	 0.0037033
379	 0.00369673
380	 0.00369019
381	 0.00368369
382	 0.00367721
383	 0.00367075
384	 0.00366433
385	 0.00365793
386	 0.00365156
387	 0.00364521
388	 0.0036389
389	 0.00363261
390	 0.00362634
391	 0.00362011
392	 0.00361389
393	 0.00360771
394	 0.00360155
395	 0.00359541
396	 0.00358931
397	 0.00358322
398	 0.00357716
399	 0.00357113
400	 0.00356512
401	 0.00355913
402	 0.00355317
403	 0.00354723
404	 0.00354132
405	 0.00353543
406	 0.00352957
407	 0.00352373
408	 0.00351791
409	 0.00351211
410	 0.00350634
411	 0.00350059
412	 0.00349486
413	 0.00348916
414	 0.00348348
415	 0.00347782
416	 0.00347218
417	 0.00346656
418	 0.00346097
419	 0.0034554
420	 0.00344984
421	 0.00344431
422	 0.00343881
423	 0.00343332
424	 0.00342785
425	 0.00342241
426	 0.00341698
427	 0.00341158
428	 0.00340619
429	 0.00340083
430	 0.00339549
431	 0.00339016
432	 0.00338486
433	 0.00337957
434	 0.00337431
435	 0.00336907
436	 0.00336384
437	 0.00335863
438	 0.00335345
439	 0.00334828
440	 0.00334313
441	 0.003338
442	 0.00333289
443	 0.00332779
444	 0.00332272
445	 0.00331766
446	 0.00331263
447	 0.0033076
448	 0.0033026
449	 0.00329762
450	 0.00329265
451	 0.0032877
452	 0.00328277
453	 0.00327786
454	 0.00327296
455	 0.00326808
456	 0.00326322
457	 0.00325837
458	 0.00325355
459	 0.00324873
460	 0.00324394
461	 0.00323916
462	 0.0032344
463	 0.00322965
464	 0.00322492
465	 0.00322021
466	 0.00321551
467	 0.00321083
468	 0.00320617
469	 0.00320152
470	 0.00319689
471	 0.00319227
472	 0.00318767
473	 0.00318308
474	 0.00317851
475	 0.00317395
476	 0.00316941
477	 0.00316489
478	 0.00316038
479	 0.00315588
480	 0.0031514
481	 0.00314693
482	 0.00314248
483	 0.00313805
484	 0.00313362
485	 0.00312922
486	 0.00312482
487	 0.00312044
488	 0.00311608
489	 0.00311173
490	 0.00310739
491	 0.00310307
492	 0.00309876
493	 0.00309447
494	 0.00309018
495	 0.00308592
496	 0.00308166
497	 0.00307742
498	 0.00307319
499	 0.00306898
500	 0.00306478
501	 0.00306059
502	 0.00305642
503	 0.00305226
504	 0.00304811
505	 0.00304397
506	 0.00303985
507	 0.00303574
508	 0.00303164
509	 0.00302756
510	 0.00302349
511	 0.00301943
512	 0.00301538
513	 0.00301135
514	 0.00300732
515	 0.00300331
516	 0.00299932
517	 0.00299533
518	 0.00299136
519	 0.0029874
520	 0.00298345
521	 0.00297951
522	 0.00297558
523	 0.00297167
524	 0.00296776
525	 0.00296387
526	 0.00295999
527	 0.00295613
528	 0.00295227
529	 0.00294842
530	 0.00294459
531	 0.00294077
532	 0.00293696
533	 0.00293316
534	 0.00292937
535	 0.00292559
536	 0.00292182
537	 0.00291807
538	 0.00291432
539	 0.00291059
540	 0.00290686
541	 0.00290315
542	 0.00289945
543	 0.00289575
544	 0.00289207
545	 0.0028884
546	 0.00288474
547	 0.00288109
548	 0.00287745
549	 0.00287382
550	 0.0028702
551	 0.00286659
552	 0.00286299
553	 0.00285941
554	 0.00285583
555	 0.00285226
556	 0.0028487
557	 0.00284515
558	 0.00284161
559	 0.00283808
560	 0.00283456
561	 0.00283105
562	 0.00282755
563	 0.00282406
564	 0.00282058
565	 0.00281711
566	 0.00281365
567	 0.00281019
568	 0.00280675
569	 0.00280332
570	 0.00279989
571	 0.00279648
572	 0.00279307
573	 0.00278967
574	 0.00278628
575	 0.0027829
576	 0.00277953
577	 0.00277617
578	 0.00277282
579	 0.00276948
580	 0.00276614
581	 0.00276282
582	 0.0027595
583	 0.00275619
584	 0.00275289
585	 0.0027496
586	 0.00274632
587	 0.00274305
588	 0.00273978
589	 0.00273653
590	 0.00273328
591	 0.00273004
592	 0.00272681
593	 0.00272359
594	 0.00272037
595	 0.00271717
596	 0.00271397
597	 0.00271078
598	 0.0027076
599	 0.00270442
600	 0.00270126
601	 0.0026981
602	 0.00269495
603	 0.00269181
604	 0.00268867
605	 0.00268555
606	 0.00268243
607	 0.00267932
608	 0.00267622
609	 0.00267313
610	 0.00267004
611	 0.00266696
612	 0.00266389
613	 0.00266082
614	 0.00265777
615	 0.00265472
616	 0.00265168
617	 0.00264865
618	 0.00264562
619	 0.0026426
620	 0.00263959
621	 0.00263659
622	 0.00263359
623	 0.0026306
624	 0.00262762
625	 0.00262464
626	 0.00262168
627	 0.00261872
628	 0.00261576
629	 0.00261282
630	 0.00260988
631	 0.00260695
632	 0.00260402
633	 0.00260111
634	 0.00259819
635	 0.00259529
636	 0.00259239
637	 0.0025895
638	 0.00258662
639	 0.00258374
640	 0.00258087
641	 0.00257801
642	 0.00257516
643	 0.00257231
644	 0.00256946
645	 0.00256663
646	 0.0025638
647	 0.00256098
648	 0.00255816
649	 0.00255535
650	 0.00255255
651	 0.00254975
652	 0.00254696
653	 0.00254418
654	 0.0025414
655	 0.00253863
656	 0.00253586
657	 0.00253311
658	 0.00253035
659	 0.00252761
660	 0.00252487
661	 0.00252214
662	 0.00251941
663	 0.00251669
664	 0.00251397
665	 0.00251127
666	 0.00250856
667	 0.00250587
668	 0.00250318
669	 0.00250049
670	 0.00249782
671	 0.00249514
672	 0.00249248
673	 0.00248982
674	 0.00248716
675	 0.00248452
676	 0.00248187
677	 0.00247924
678	 0.00247661
679	 0.00247398
680	 0.00247136
681	 0.00246875
682	 0.00246614
683	 0.00246354
684	 0.00246094
685	 0.00245835
686	 0.00245577
687	 0.00245319
688	 0.00245062
689	 0.00244805
690	 0.00244548
691	 0.00244293
692	 0.00244038
693	 0.00243783
694	 0.00243529
695	 0.00243276
696	 0.00243023
697	 0.0024277
698	 0.00242518
699	 0.00242267
700	 0.00242016
701	 0.00241766
702	 0.00241516
703	 0.00241267
704	 0.00241018
705	 0.0024077
706	 0.00240523
707	 0.00240276
708	 0.00240029
709	 0.00239783
710	 0.00239537
711	 0.00239292
712	 0.00239048
713	 0.00238804
714	 0.0023856
715	 0.00238318
716	 0.00238075
717	 0.00237833
718	 0.00237592
719	 0.00237351
720	 0.0023711
721	 0.0023687
722	 0.00236631
723	 0.00236392
724	 0.00236153
725	 0.00235915
726	 0.00235678
727	 0.00235441
728	 0.00235204
729	 0.00234968
730	 0.00234733
731	 0.00234497
732	 0.00234263
733	 0.00234029
734	 0.00233795
735	 0.00233562
736	 0.00233329
737	 0.00233097
738	 0.00232865
739	 0.00232634
740	 0.00232403
741	 0.00232172
742	 0.00231942
743	 0.00231713
744	 0.00231484
745	 0.00231255
746	 0.00231027
747	 0.002308
748	 0.00230572
749	 0.00230346
750	 0.00230119
751	 0.00229893
752	 0.00229668
753	 0.00229443
754	 0.00229218
755	 0.00228994
756	 0.00228771
757	 0.00228547
758	 0.00228325
759	 0.00228102
760	 0.0022788
761	 0.00227659
762	 0.00227438
763	 0.00227217
764	 0.00226997
765	 0.00226777
766	 0.00226558
767	 0.00226339
768	 0.0022612
769	 0.00225902
770	 0.00225685
771	 0.00225467
772	 0.00225251
773	 0.00225034
774	 0.00224818
775	 0.00224603
776	 0.00224387
777	 0.00224173
778	 0.00223958
779	 0.00223744
780	 0.00223531
781	 0.00223317
782	 0.00223105
783	 0.00222892
784	 0.0022268
785	 0.00222469
786	 0.00222258
787	 0.00222047
788	 0.00221837
789	 0.00221627
790	 0.00221417
791	 0.00221208
792	 0.00220999
793	 0.00220791
794	 0.00220583
795	 0.00220375
796	 0.00220168
797	 0.00219961
798	 0.00219754
799	 0.00219548
800	 0.00219342
801	 0.00219137
802	 0.00218932
803	 0.00218727
804	 0.00218523
805	 0.00218319
806	 0.00218116
807	 0.00217913
808	 0.0021771
809	 0.00217508
810	 0.00217306
811	 0.00217104
812	 0.00216903
813	 0.00216702
814	 0.00216501
815	 0.00216301
816	 0.00216101
817	 0.00215902
818	 0.00215703
819	 0.00215504
820	 0.00215305
821	 0.00215107
822	 0.0021491
823	 0.00214712
824	 0.00214515
825	 0.00214319
826	 0.00214122
827	 0.00213926
828	 0.00213731
829	 0.00213536
830	 0.00213341
831	 0.00213146
832	 0.00212952
833	 0.00212758
834	 0.00212565
835	 0.00212371
836	 0.00212179
837	 0.00211986
838	 0.00211794
839	 0.00211602
840	 0.0021141
841	 0.00211219
842	 0.00211028
843	 0.00210838
844	 0.00210648
845	 0.00210458
846	 0.00210268
847	 0.00210079
848	 0.0020989
849	 0.00209702
850	 0.00209514
851	 0.00209326
852	 0.00209138
853	 0.00208951
854	 0.00208764
855	 0.00208577
856	 0.00208391
857	 0.00208205
858	 0.0020802
859	 0.00207834
860	 0.00207649
861	 0.00207465
862	 0.0020728
863	 0.00207096
864	 0.00206912
865	 0.00206729
866	 0.00206546
867	 0.00206363
868	 0.0020618
869	 0.00205998
870	 0.00205816
871	 0.00205635
872	 0.00205453
873	 0.00205272
874	 0.00205092
875	 0.00204911
876	 0.00204731
877	 0.00204552
878	 0.00204372
879	 0.00204193
880	 0.00204014
881	 0.00203835
882	 0.00203657
883	 0.00203479
884	 0.00203301
885	 0.00203124
886	 0.00202947
887	 0.0020277
888	 0.00202594
889	 0.00202417
890	 0.00202241
891	 0.00202066
892	 0.0020189
893	 0.00201715
894	 0.0020154
895	 0.00201366
896	 0.00201192
897	 0.00201018
898	 0.00200844
899	 0.00200671
900	 0.00200498
901	 0.00200325
902	 0.00200152
903	 0.0019998
904	 0.00199808
905	 0.00199636
906	 0.00199465
907	 0.00199294
908	 0.00199123
909	 0.00198952
910	 0.00198782
911	 0.00198612
912	 0.00198442
913	 0.00198273
914	 0.00198103
915	 0.00197934
916	 0.00197766
917	 0.00197597
918	 0.00197429
919	 0.00197261
920	 0.00197094
921	 0.00196926
922	 0.00196759
923	 0.00196592
924	 0.00196426
925	 0.00196259
926	 0.00196093
927	 0.00195928
928	 0.00195762
929	 0.00195597
930	 0.00195432
931	 0.00195267
932	 0.00195103
933	 0.00194938
934	 0.00194774
935	 0.00194611
936	 0.00194447
937	 0.00194284
938	 0.00194121
939	 0.00193958
940	 0.00193796
941	 0.00193634
942	 0.00193472
943	 0.0019331
944	 0.00193149
945	 0.00192988
946	 0.00192827
947	 0.00192666
948	 0.00192506
949	 0.00192345
950	 0.00192185
951	 0.00192026
952	 0.00191866
953	 0.00191707
954	 0.00191548
955	 0.00191389
956	 0.00191231
957	 0.00191073
958	 0.00190915
959	 0.00190757
960	 0.00190599
961	 0.00190442
962	 0.00190285
963	 0.00190128
964	 0.00189972
965	 0.00189815
966	 0.00189659
967	 0.00189503
968	 0.00189348
969	 0.00189192
970	 0.00189037
971	 0.00188882
972	 0.00188728
973	 0.00188573
974	 0.00188419
975	 0.00188265
976	 0.00188111
977	 0.00187958
978	 0.00187804
979	 0.00187651
980	 0.00187499
981	 0.00187346
982	 0.00187194
983	 0.00187041
984	 0.00186889
985	 0.00186738
986	 0.00186586
987	 0.00186435
988	 0.00186284
989	 0.00186133
990	 0.00185983
991	 0.00185832
992	 0.00185682
993	 0.00185532
994	 0.00185382
995	 0.00185233
996	 0.00185084
997	 0.00184935
998	 0.00184786
999	 0.00184637
1000	 0.00184489
1001	 0.00184341
1002	 0.00184193
1003	 0.00184045
1004	 0.00183897
1005	 0.0018375
1006	 0.00183603
1007	 0.00183456
1008	 0.00183309
1009	 0.00183163
1010	 0.00183017
1011	 0.00182871
1012	 0.00182725
1013	 0.00182579
1014	 0.00182434
1015	 0.00182289
1016	 0.00182144
1017	 0.00181999
1018	 0.00181854
1019	 0.0018171
1020	 0.00181566
1021	 0.00181422
1022	 0.00181278
1023	 0.00181135
1024	 0.00180991
1025	 0.00180848
1026	 0.00180705
1027	 0.00180563
1028	 0.0018042
1029	 0.00180278
1030	 0.00180136
1031	 0.00179994
1032	 0.00179852
1033	 0.0017971
1034	 0.00179569
1035	 0.00179428
1036	 0.00179287
1037	 0.00179146
1038	 0.00179006
1039	 0.00178866
1040	 0.00178725
1041	 0.00178586
1042	 0.00178446
1043	 0.00178306
1044	 0.00178167
1045	 0.00178028
1046	 0.00177889
1047	 0.0017775
1048	 0.00177612
1049	 0.00177473
1050	 0.00177335
1051	 0.00177197
1052	 0.00177059
1053	 0.00176922
1054	 0.00176784
1055	 0.00176647
1056	 0.0017651
1057	 0.00176373
1058	 0.00176237
1059	 0.001761
1060	 0.00175964
1061	 0.00175828
1062	 0.00175692
1063	 0.00175556
1064	 0.00175421
1065	 0.00175286
1066	 0.0017515
1067	 0.00175015
1068	 0.00174881
1069	 0.00174746
1070	 0.00174612
1071	 0.00174478
1072	 0.00174344
1073	 0.0017421
1074	 0.00174076
1075	 0.00173943
1076	 0.00173809
1077	 0.00173676
1078	 0.00173543
1079	 0.0017341
1080	 0.00173278
1081	 0.00173146
1082	 0.00173013
1083	 0.00172881
1084	 0.00172749
1085	 0.00172618
1086	 0.00172486
1087	 0.00172355
1088	 0.00172224
1089	 0.00172093
1090	 0.00171962
1091	 0.00171831
1092	 0.00171701
1093	 0.00171571
1094	 0.00171441
1095	 0.00171311
1096	 0.00171181
1097	 0.00171051
1098	 0.00170922
1099	 0.00170793
1100	 0.00170664
1101	 0.00170535
1102	 0.00170406
1103	 0.00170278
1104	 0.00170149
1105	 0.00170021
1106	 0.00169893
1107	 0.00169765
1108	 0.00169638
1109	 0.0016951
1110	 0.00169383
1111	 0.00169256
1112	 0.00169129
1113	 0.00169002
1114	 0.00168875
1115	 0.00168749
1116	 0.00168622
1117	 0.00168496
1118	 0.0016837
1119	 0.00168244
1120	 0.00168119
1121	 0.00167993
1122	 0.00167868
1123	 0.00167743
1124	 0.00167618
1125	 0.00167493
1126	 0.00167368
1127	 0.00167244
1128	 0.00167119
1129	 0.00166995
1130	 0.00166871
1131	 0.00166747
1132	 0.00166623
1133	 0.001665
1134	 0.00166377
1135	 0.00166253
1136	 0.0016613
1137	 0.00166007
1138	 0.00165885
1139	 0.00165762
1140	 0.0016564
1141	 0.00165517
1142	 0.00165395
1143	 0.00165273
1144	 0.00165151
1145	 0.0016503
1146	 0.00164908
1147	 0.00164787
1148	 0.00164666
1149	 0.00164545
1150	 0.00164424
1151	 0.00164303
1152	 0.00164183
1153	 0.00164062
1154	 0.00163942
1155	 0.00163822
1156	 0.00163702
1157	 0.00163582
1158	 0.00163463
1159	 0.00163343
1160	 0.00163224
1161	 0.00163105
1162	 0.00162986
1163	 0.00162867
1164	 0.00162748
1165	 0.0016263
1166	 0.00162511
1167	 0.00162393
1168	 0.00162275
1169	 0.00162157
1170	 0.00162039
1171	 0.00161921
1172	 0.00161804
1173	 0.00161686
1174	 0.00161569
1175	 0.00161452
1176	 0.00161335
1177	 0.00161218
1178	 0.00161102
1179	 0.00160985
1180	 0.00160869
1181	 0.00160753
1182	 0.00160637
1183	 0.00160521
1184	 0.00160405
1185	 0.00160289
1186	 0.00160174
1187	 0.00160059
1188	 0.00159943
1189	 0.00159828
1190	 0.00159714
1191	 0.00159599
1192	 0.00159484
1193	 0.0015937
1194	 0.00159255
1195	 0.00159141
1196	 0.00159027
1197	 0.00158913
1198	 0.001588
1199	 0.00158686
1200	 0.00158572
1201	 0.00158459
1202	 0.00158346
1203	 0.00158233
1204	 0.0015812
1205	 0.00158007
1206	 0.00157895
1207	 0.00157782
1208	 0.0015767
1209	 0.00157557
1210	 0.00157445
1211	 0.00157333
1212	 0.00157222
1213	 0.0015711
1214	 0.00156998
1215	 0.00156887
1216	 0.00156776
1217	 0.00156665
1218	 0.00156554
1219	 0.00156443
1220	 0.00156332
1221	 0.00156222
1222	 0.00156111
1223	 0.00156001
1224	 0.00155891
1225	 0.00155781
1226	 0.00155671
1227	 0.00155561
1228	 0.00155451
1229	 0.00155342
1230	 0.00155232
1231	 0.00155123
1232	 0.00155014
1233	 0.00154905
1234	 0.00154796
1235	 0.00154687
1236	 0.00154579
1237	 0.0015447
1238	 0.00154362
1239	 0.00154254
1240	 0.00154146
1241	 0.00154038
1242	 0.0015393
1243	 0.00153822
1244	 0.00153715
1245	 0.00153607
1246	 0.001535
1247	 0.00153393
1248	 0.00153286
1249	 0.00153179
1250	 0.00153072
1251	 0.00152966
1252	 0.00152859
1253	 0.00152753
1254	 0.00152646
1255	 0.0015254
1256	 0.00152434
1257	 0.00152328
1258	 0.00152223
1259	 0.00152117
1260	 0.00152011
1261	 0.00151906
1262	 0.00151801
1263	 0.00151696
1264	 0.00151591
1265	 0.00151486
1266	 0.00151381
1267	 0.00151276
1268	 0.00151172
1269	 0.00151067
1270	 0.00150963
1271	 0.00150859
1272	 0.00150755
1273	 0.00150651
1274	 0.00150547
1275	 0.00150444
1276	 0.0015034
1277	 0.00150237
1278	 0.00150133
1279	 0.0015003
1280	 0.00149927
1281	 0.00149824
1282	 0.00149721
1283	 0.00149619
1284	 0.00149516
1285	 0.00149414
1286	 0.00149311
1287	 0.00149209
1288	 0.00149107
1289	 0.00149005
1290	 0.00148903
1291	 0.00148802
1292	 0.001487
1293	 0.00148598
1294	 0.00148497
1295	 0.00148396
1296	 0.00148295
1297	 0.00148194
1298	 0.00148093
1299	 0.00147992
1300	 0.00147891
1301	 0.00147791
1302	 0.0014769
1303	 0.0014759
1304	 0.0014749
1305	 0.0014739
1306	 0.0014729
1307	 0.0014719
1308	 0.0014709
1309	 0.0014699
1310	 0.00146891
1311	 0.00146791
1312	 0.00146692
1313	 0.00146593
1314	 0.00146494
1315	 0.00146395
1316	 0.00146296
1317	 0.00146197
1318	 0.00146099
1319	 0.00146
1320	 0.00145902
1321	 0.00145804
1322	 0.00145705
1323	 0.00145607
1324	 0.00145509
1325	 0.00145412
1326	 0.00145314
1327	 0.00145216
1328	 0.00145119
1329	 0.00145021
1330	 0.00144924
1331	 0.00144827
1332	 0.0014473
1333	 0.00144633
1334	 0.00144536
1335	 0.0014444
1336	 0.00144343
1337	 0.00144246
1338	 0.0014415
1339	 0.00144054
1340	 0.00143958
1341	 0.00143861
1342	 0.00143766
1343	 0.0014367
1344	 0.00143574
1345	 0.00143478
1346	 0.00143383
1347	 0.00143287
1348	 0.00143192
1349	 0.00143097
1350	 0.00143002
1351	 0.00142907
1352	 0.00142812
1353	 0.00142717
1354	 0.00142622
1355	 0.00142528
1356	 0.00142433
1357	 0.00142339
1358	 0.00142245
1359	 0.00142151
1360	 0.00142057
1361	 0.00141963
1362	 0.00141869
1363	 0.00141775
1364	 0.00141682
1365	 0.00141588
1366	 0.00141495
1367	 0.00141401
1368	 0.00141308
1369	 0.00141215
1370	 0.00141122
1371	 0.00141029
1372	 0.00140936
1373	 0.00140844
1374	 0.00140751
1375	 0.00140659
1376	 0.00140566
1377	 0.00140474
1378	 0.00140382
1379	 0.0014029
1380	 0.00140198
1381	 0.00140106
1382	 0.00140014
1383	 0.00139922
1384	 0.00139831
1385	 0.00139739
1386	 0.00139648
1387	 0.00139557
1388	 0.00139466
1389	 0.00139375
1390	 0.00139284
1391	 0.00139193
1392	 0.00139102
1393	 0.00139011
1394	 0.00138921
1395	 0.0013883
1396	 0.0013874
1397	 0.0013865
1398	 0.0013856
1399	 0.00138469
1400	 0.00138379
1401	 0.0013829
1402	 0.001382
1403	 0.0013811
1404	 0.00138021
1405	 0.00137931
1406	 0.00137842
1407	 0.00137752
1408	 0.00137663
1409	 0.00137574
1410	 0.00137485
1411	 0.00137396
1412	 0.00137307
1413	 0.00137219
1414	 0.0013713
1415	 0.00137042
1416	 0.00136953
1417	 0.00136865
1418	 0.00136777
1419	 0.00136689
1420	 0.001366
1421	 0.00136513
1422	 0.00136425
1423	 0.00136337
1424	 0.00136249
1425	 0.00136162
1426	 0.00136074
1427	 0.00135987
1428	 0.001359
1429	 0.00135812
1430	 0.00135725
1431	 0.00135638
1432	 0.00135551
1433	 0.00135465
1434	 0.00135378
1435	 0.00135291
1436	 0.00135205
1437	 0.00135118
1438	 0.00135032
1439	 0.00134946
1440	 0.0013486
1441	 0.00134773
1442	 0.00134687
1443	 0.00134602
1444	 0.00134516
1445	 0.0013443
1446	 0.00134344
1447	 0.00134259
1448	 0.00134174
1449	 0.00134088
1450	 0.00134003
1451	 0.00133918
1452	 0.00133833
1453	 0.00133748
1454	 0.00133663
1455	 0.00133578
1456	 0.00133493
1457	 0.00133409
1458	 0.00133324
1459	 0.0013324
1460	 0.00133155
1461	 0.00133071
1462	 0.00132987
1463	 0.00132903
1464	 0.00132819
1465	 0.00132735
1466	 0.00132651
1467	 0.00132567
1468	 0.00132484
1469	 0.001324
1470	 0.00132317
1471	 0.00132233
1472	 0.0013215
1473	 0.00132067
1474	 0.00131984
1475	 0.00131901
1476	 0.00131818
1477	 0.00131735
1478	 0.00131652
1479	 0.0013157
1480	 0.00131487
1481	 0.00131404
1482	 0.00131322
1483	 0.0013124
1484	 0.00131157
1485	 0.00131075
1486	 0.00130993
1487	 0.00130911
1488	 0.00130829
1489	 0.00130747
1490	 0.00130666
1491	 0.00130584
1492	 0.00130503
1493	 0.00130421
1494	 0.0013034
1495	 0.00130258
1496	 0.00130177
1497	 0.00130096
1498	 0.00130015
1499	 0.00129934
1500	 0.00129853
1501	 0.00129772
1502	 0.00129692
1503	 0.00129611
1504	 0.0012953
1505	 0.0012945
1506	 0.00129369
1507	 0.00129289
1508	 0.00129209
1509	 0.00129129
1510	 0.00129049
1511	 0.00128969
1512	 0.00128889
1513	 0.00128809
1514	 0.00128729
1515	 0.0012865
1516	 0.0012857
1517	 0.00128491
1518	 0.00128411
1519	 0.00128332
1520	 0.00128253
1521	 0.00128174
1522	 0.00128094
1523	 0.00128015
1524	 0.00127937
1525	 0.00127858
1526	 0.00127779
1527	 0.001277
1528	 0.00127622
1529	 0.00127543
1530	 0.00127465
1531	 0.00127386
1532	 0.00127308
1533	 0.0012723
1534	 0.00127152
1535	 0.00127074
1536	 0.00126996
1537	 0.00126918
1538	 0.0012684
1539	 0.00126763
1540	 0.00126685
1541	 0.00126607
1542	 0.0012653
1543	 0.00126452
1544	 0.00126375
1545	 0.00126298
1546	 0.00126221
1547	 0.00126144
1548	 0.00126067
1549	 0.0012599
1550	 0.00125913
1551	 0.00125836
1552	 0.00125759
1553	 0.00125683
1554	 0.00125606
1555	 0.0012553
1556	 0.00125453
1557	 0.00125377
1558	 0.00125301
1559	 0.00125225
1560	 0.00125149
1561	 0.00125073
1562	 0.00124997
1563	 0.00124921
1564	 0.00124845
1565	 0.00124769
1566	 0.00124694
1567	 0.00124618
1568	 0.00124543
1569	 0.00124467
1570	 0.00124392
1571	 0.00124317
1572	 0.00124242
1573	 0.00124167
1574	 0.00124092
1575	 0.00124017
1576	 0.00123942
1577	 0.00123867
1578	 0.00123792
1579	 0.00123718
1580	 0.00123643
1581	 0.00123569
1582	 0.00123494
1583	 0.0012342
1584	 0.00123346
1585	 0.00123271
1586	 0.00123197
1587	 0.00123123
1588	 0.00123049
1589	 0.00122975
1590	 0.00122902
1591	 0.00122828
1592	 0.00122754
1593	 0.00122681
1594	 0.00122607
1595	 0.00122534
1596	 0.0012246
1597	 0.00122387
1598	 0.00122314
1599	 0.0012224
1600	 0.00122167
1601	 0.00122094
1602	 0.00122021
1603	 0.00121949
1604	 0.00121876
1605	 0.00121803
1606	 0.0012173
1607	 0.00121658
1608	 0.00121585
1609	 0.00121513
1610	 0.0012144
1611	 0.00121368
1612	 0.00121296
1613	 0.00121224
1614	 0.00121152
1615	 0.0012108
1616	 0.00121008
1617	 0.00120936
1618	 0.00120864
1619	 0.00120792
1620	 0.00120721
1621	 0.00120649
1622	 0.00120577
1623	 0.00120506
1624	 0.00120435
1625	 0.00120363
1626	 0.00120292
1627	 0.00120221
1628	 0.0012015
1629	 0.00120079
1630	 0.00120008
1631	 0.00119937
1632	 0.00119866
1633	 0.00119795
1634	 0.00119725
1635	 0.00119654
1636	 0.00119583
1637	 0.00119513
1638	 0.00119442
1639	 0.00119372
1640	 0.00119302
1641	 0.00119232
1642	 0.00119161
1643	 0.00119091
1644	 0.00119021
1645	 0.00118951
1646	 0.00118882
1647	 0.00118812
1648	 0.00118742
1649	 0.00118672
1650	 0.00118603
1651	 0.00118533
1652	 0.00118464
1653	 0.00118394
1654	 0.00118325
1655	 0.00118256
1656	 0.00118187
1657	 0.00118117
1658	 0.00118048
1659	 0.00117979
1660	 0.0011791
1661	 0.00117842
1662	 0.00117773
1663	 0.00117704
1664	 0.00117635
1665	 0.00117567
1666	 0.00117498
1667	 0.0011743
1668	 0.00117361
1669	 0.00117293
1670	 0.00117225
1671	 0.00117157
1672	 0.00117088
1673	 0.0011702
1674	 0.00116952
1675	 0.00116884
1676	 0.00116817
1677	 0.00116749
1678	 0.00116681
1679	 0.00116613
1680	 0.00116546
1681	 0.00116478
1682	 0.00116411
1683	 0.00116343
1684	 0.00116276
1685	 0.00116209
1686	 0.00116141
1687	 0.00116074
1688	 0.00116007
1689	 0.0011594
1690	 0.00115873
1691	 0.00115806
1692	 0.00115739
1693	 0.00115672
1694	 0.00115606
1695	 0.00115539
1696	 0.00115473
1697	 0.00115406
1698	 0.0011534
1699	 0.00115273
1700	 0.00115207
1701	 0.0011514
1702	 0.00115074
1703	 0.00115008
1704	 0.00114942
1705	 0.00114876
1706	 0.0011481
1707	 0.00114744
1708	 0.00114678
1709	 0.00114613
1710	 0.00114547
1711	 0.00114481
1712	 0.00114416
1713	 0.0011435
1714	 0.00114285
1715	 0.00114219
1716	 0.00114154
1717	 0.00114089
1718	 0.00114023
1719	 0.00113958
1720	 0.00113893
1721	 0.00113828
1722	 0.00113763
1723	 0.00113698
1724	 0.00113633
1725	 0.00113568
1726	 0.00113504
1727	 0.00113439
1728	 0.00113374
1729	 0.0011331
1730	 0.00113245
1731	 0.00113181
1732	 0.00113117
1733	 0.00113052
1734	 0.00112988
1735	 0.00112924
1736	 0.0011286
1737	 0.00112796
1738	 0.00112732
1739	 0.00112668
1740	 0.00112604
1741	 0.0011254
1742	 0.00112476
1743	 0.00112413
1744	 0.00112349
1745	 0.00112285
1746	 0.00112222
1747	 0.00112158
1748	 0.00112095
1749	 0.00112031
1750	 0.00111968
1751	 0.00111905
1752	 0.00111842
1753	 0.00111779
1754	 0.00111716
1755	 0.00111653
1756	 0.0011159
1757	 0.00111527
1758	 0.00111464
1759	 0.00111401
1760	 0.00111338
1761	 0.00111276
1762	 0.00111213
1763	 0.00111151
1764	 0.00111088
1765	 0.00111026
1766	 0.00110963
1767	 0.00110901
1768	 0.00110839
1769	 0.00110777
1770	 0.00110715
1771	 0.00110652
1772	 0.0011059
1773	 0.00110529
1774	 0.00110467
1775	 0.00110405
1776	 0.00110343
1777	 0.00110281
1778	 0.0011022
1779	 0.00110158
1780	 0.00110096
1781	 0.00110035
1782	 0.00109973
1783	 0.00109912
1784	 0.00109851
1785	 0.00109789
1786	 0.00109728
1787	 0.00109667
1788	 0.00109606
1789	 0.00109545
1790	 0.00109484
1791	 0.00109423
1792	 0.00109362
1793	 0.00109301
1794	 0.0010924
1795	 0.0010918
1796	 0.00109119
1797	 0.00109058
1798	 0.00108998
1799	 0.00108937
1800	 0.00108877
1801	 0.00108817
1802	 0.00108756
1803	 0.00108696
1804	 0.00108636
1805	 0.00108576
1806	 0.00108515
1807	 0.00108455
1808	 0.00108395
1809	 0.00108335
1810	 0.00108276
1811	 0.00108216
1812	 0.00108156
1813	 0.00108096
1814	 0.00108036
1815	 0.00107977
1816	 0.00107917
1817	 0.00107858
1818	 0.00107798
1819	 0.00107739
1820	 0.0010768
1821	 0.0010762
1822	 0.00107561
1823	 0.00107502
1824	 0.00107443
1825	 0.00107384
1826	 0.00107325
1827	 0.00107266
1828	 0.00107207
1829	 0.00107148
1830	 0.00107089
1831	 0.0010703
1832	 0.00106971
1833	 0.00106913
1834	 0.00106854
1835	 0.00106796
1836	 0.00106737
1837	 0.00106679
1838	 0.0010662
1839	 0.00106562
1840	 0.00106504
1841	 0.00106445
1842	 0.00106387
1843	 0.00106329
1844	 0.00106271
1845	 0.00106213
1846	 0.00106155
1847	 0.00106097
1848	 0.00106039
1849	 0.00105981
1850	 0.00105924
1851	 0.00105866
1852	 0.00105808
1853	 0.00105751
1854	 0.00105693
1855	 0.00105636
1856	 0.00105578
1857	 0.00105521
1858	 0.00105463
1859	 0.00105406
1860	 0.00105349
1861	 0.00105292
1862	 0.00105234
1863	 0.00105177
1864	 0.0010512
1865	 0.00105063
1866	 0.00105006
1867	 0.00104949
1868	 0.00104893
1869	 0.00104836
1870	 0.00104779
1871	 0.00104722
1872	 0.00104666
1873	 0.00104609
1874	 0.00104553
1875	 0.00104496
1876	 0.0010444
1877	 0.00104383
1878	 0.00104327
1879	 0.00104271
1880	 0.00104214
1881	 0.00104158
1882	 0.00104102
1883	 0.00104046
1884	 0.0010399
1885	 0.00103934
1886	 0.00103878
1887	 0.00103822
1888	 0.00103766
1889	 0.0010371
1890	 0.00103655
1891	 0.00103599
1892	 0.00103543
1893	 0.00103488
1894	 0.00103432
1895	 0.00103377
1896	 0.00103321
1897	 0.00103266
1898	 0.0010321
1899	 0.00103155
1900	 0.001031
1901	 0.00103045
1902	 0.00102989
1903	 0.00102934
1904	 0.00102879
1905	 0.00102824
1906	 0.00102769
1907	 0.00102714
1908	 0.0010266
1909	 0.00102605
1910	 0.0010255
1911	 0.00102495
1912	 0.00102441
1913	 0.00102386
1914	 0.00102331
1915	 0.00102277
1916	 0.00102222
1917	 0.00102168
1918	 0.00102113
1919	 0.00102059
1920	 0.00102005
1921	 0.00101951
1922	 0.00101896
1923	 0.00101842
1924	 0.00101788
1925	 0.00101734
1926	 0.0010168
1927	 0.00101626
1928	 0.00101572
1929	 0.00101518
1930	 0.00101464
1931	 0.00101411
1932	 0.00101357
1933	 0.00101303
1934	 0.0010125
1935	 0.00101196
1936	 0.00101143
1937	 0.00101089
1938	 0.00101036
1939	 0.00100982
1940	 0.00100929
1941	 0.00100876
1942	 0.00100822
1943	 0.00100769
1944	 0.00100716
1945	 0.00100663
1946	 0.0010061
1947	 0.00100557
1948	 0.00100504
1949	 0.00100451
1950	 0.00100398
1951	 0.00100345
1952	 0.00100292
1953	 0.00100239
1954	 0.00100187
1955	 0.00100134
1956	 0.00100081
1957	 0.00100029
1958	 0.000999763
1959	 0.000999238
1960	 0.000998713
1961	 0.000998189
1962	 0.000997666
1963	 0.000997143
1964	 0.00099662
1965	 0.000996098
1966	 0.000995576
1967	 0.000995055
1968	 0.000994534
1969	 0.000994014
1970	 0.000993494
1971	 0.000992975
1972	 0.000992456
1973	 0.000991937
1974	 0.000991419
1975	 0.000990901
1976	 0.000990384
1977	 0.000989867
1978	 0.000989351
1979	 0.000988835
1980	 0.00098832
1981	 0.000987805
1982	 0.00098729
1983	 0.000986776
1984	 0.000986262
1985	 0.000985749
1986	 0.000985236
1987	 0.000984724
1988	 0.000984212
1989	 0.0009837
1990	 0.000983189
1991	 0.000982679
1992	 0.000982168
1993	 0.000981659
1994	 0.000981149
1995	 0.00098064
1996	 0.000980132
1997	 0.000979624
1998	 0.000979116
1999	 0.000978609
2000	 0.000978103
2001	 0.000977596
2002	 0.00097709
2003	 0.000976585
2004	 0.00097608
2005	 0.000975575
2006	 0.000975071
2007	 0.000974568
2008	 0.000974064
2009	 0.000973561
2010	 0.000973059
2011	 0.000972557
2012	 0.000972055
2013	 0.000971554
2014	 0.000971054
2015	 0.000970553
2016	 0.000970053
2017	 0.000969554
2018	 0.000969055
2019	 0.000968556
2020	 0.000968058
2021	 0.00096756
2022	 0.000967063
2023	 0.000966566
2024	 0.00096607
2025	 0.000965574
2026	 0.000965078
2027	 0.000964583
2028	 0.000964088
2029	 0.000963593
2030	 0.000963099
2031	 0.000962606
2032	 0.000962113
2033	 0.00096162
2034	 0.000961128
2035	 0.000960636
2036	 0.000960144
2037	 0.000959653
2038	 0.000959162
2039	 0.000958672
2040	 0.000958182
2041	 0.000957693
2042	 0.000957204
2043	 0.000956715
2044	 0.000956227
2045	 0.000955739
2046	 0.000955252
2047	 0.000954765
2048	 0.000954278
2049	 0.000953792
2050	 0.000953307
2051	 0.000952821
2052	 0.000952336
2053	 0.000951852
2054	 0.000951368
2055	 0.000950884
2056	 0.000950401
2057	 0.000949918
2058	 0.000949435
2059	 0.000948953
2060	 0.000948471
2061	 0.00094799
2062	 0.000947509
2063	 0.000947029
2064	 0.000946549
2065	 0.000946069
2066	 0.00094559
2067	 0.000945111
2068	 0.000944632
2069	 0.000944154
2070	 0.000943676
2071	 0.000943199
2072	 0.000942722
2073	 0.000942246
2074	 0.00094177
2075	 0.000941294
2076	 0.000940819
2077	 0.000940344
2078	 0.000939869
2079	 0.000939395
2080	 0.000938921
2081	 0.000938448
2082	 0.000937975
2083	 0.000937502
2084	 0.00093703
2085	 0.000936558
2086	 0.000936087
2087	 0.000935616
2088	 0.000935146
2089	 0.000934675
2090	 0.000934205
2091	 0.000933736
2092	 0.000933267
2093	 0.000932798
2094	 0.00093233
2095	 0.000931862
2096	 0.000931395
2097	 0.000930928
2098	 0.000930461
2099	 0.000929995
2100	 0.000929529
2101	 0.000929063
2102	 0.000928598
2103	 0.000928133
2104	 0.000927669
2105	 0.000927205
2106	 0.000926741
2107	 0.000926278
2108	 0.000925815
2109	 0.000925352
2110	 0.00092489
2111	 0.000924428
2112	 0.000923967
2113	 0.000923506
2114	 0.000923045
2115	 0.000922585
2116	 0.000922125
2117	 0.000921666
2118	 0.000921207
2119	 0.000920748
2120	 0.00092029
2121	 0.000919832
2122	 0.000919374
2123	 0.000918917
2124	 0.00091846
2125	 0.000918004
2126	 0.000917547
2127	 0.000917092
2128	 0.000916636
2129	 0.000916181
2130	 0.000915727
2131	 0.000915273
2132	 0.000914819
2133	 0.000914365
2134	 0.000913912
2135	 0.000913459
2136	 0.000913007
2137	 0.000912555
2138	 0.000912103
2139	 0.000911652
2140	 0.000911201
2141	 0.00091075
2142	 0.0009103
2143	 0.000909851
2144	 0.000909401
2145	 0.000908952
2146	 0.000908503
2147	 0.000908055
2148	 0.000907607
2149	 0.000907159
2150	 0.000906712
2151	 0.000906265
2152	 0.000905819
2153	 0.000905372
2154	 0.000904927
2155	 0.000904481
2156	 0.000904036
2157	 0.000903591
2158	 0.000903147
2159	 0.000902703
2160	 0.000902259
2161	 0.000901816
2162	 0.000901373
2163	 0.000900931
2164	 0.000900489
2165	 0.000900047
2166	 0.000899605
2167	 0.000899164
2168	 0.000898723
2169	 0.000898283
2170	 0.000897843
2171	 0.000897403
2172	 0.000896964
2173	 0.000896525
2174	 0.000896086
2175	 0.000895648
2176	 0.00089521
2177	 0.000894772
2178	 0.000894335
2179	 0.000893898
2180	 0.000893462
2181	 0.000893026
2182	 0.00089259
2183	 0.000892154
2184	 0.000891719
2185	 0.000891284
2186	 0.00089085
2187	 0.000890416
2188	 0.000889982
2189	 0.000889549
2190	 0.000889116
2191	 0.000888683
2192	 0.000888251
2193	 0.000887819
2194	 0.000887387
2195	 0.000886956
2196	 0.000886525
2197	 0.000886094
2198	 0.000885664
2199	 0.000885234
2200	 0.000884805
2201	 0.000884375
2202	 0.000883946
2203	 0.000883518
2204	 0.00088309
2205	 0.000882662
2206	 0.000882234
2207	 0.000881807
2208	 0.00088138
2209	 0.000880954
2210	 0.000880528
2211	 0.000880102
2212	 0.000879676
2213	 0.000879251
2214	 0.000878827
2215	 0.000878402
2216	 0.000877978
2217	 0.000877554
2218	 0.000877131
2219	 0.000876708
2220	 0.000876285
2221	 0.000875863
2222	 0.00087544
2223	 0.000875019
2224	 0.000874597
2225	 0.000874176
2226	 0.000873755
2227	 0.000873335
2228	 0.000872915
2229	 0.000872495
2230	 0.000872076
2231	 0.000871657
2232	 0.000871238
2233	 0.00087082
2234	 0.000870401
2235	 0.000869984
2236	 0.000869566
2237	 0.000869149
2238	 0.000868732
2239	 0.000868316
2240	 0.0008679
2241	 0.000867484
2242	 0.000867069
2243	 0.000866654
2244	 0.000866239
2245	 0.000865824
2246	 0.00086541
2247	 0.000864996
2248	 0.000864583
2249	 0.00086417
2250	 0.000863757
2251	 0.000863345
2252	 0.000862932
2253	 0.000862521
2254	 0.000862109
2255	 0.000861698
2256	 0.000861287
2257	 0.000860876
2258	 0.000860466
2259	 0.000860056
2260	 0.000859647
2261	 0.000859237
2262	 0.000858829
2263	 0.00085842
2264	 0.000858012
2265	 0.000857604
2266	 0.000857196
2267	 0.000856789
2268	 0.000856382
2269	 0.000855975
2270	 0.000855569
2271	 0.000855163
2272	 0.000854757
2273	 0.000854351
2274	 0.000853946
2275	 0.000853542
2276	 0.000853137
2277	 0.000852733
2278	 0.000852329
2279	 0.000851926
2280	 0.000851522
2281	 0.000851119
2282	 0.000850717
2283	 0.000850315
2284	 0.000849913
2285	 0.000849511
2286	 0.00084911
2287	 0.000848709
2288	 0.000848308
2289	 0.000847908
2290	 0.000847508
2291	 0.000847108
2292	 0.000846708
2293	 0.000846309
2294	 0.000845911
2295	 0.000845512
2296	 0.000845114
2297	 0.000844716
2298	 0.000844318
2299	 0.000843921
2300	 0.000843524
2301	 0.000843128
2302	 0.000842731
2303	 0.000842335
2304	 0.000841939
2305	 0.000841544
2306	 0.000841149
2307	 0.000840754
2308	 0.00084036
2309	 0.000839965
2310	 0.000839572
2311	 0.000839178
2312	 0.000838785
2313	 0.000838392
2314	 0.000837999
2315	 0.000837607
2316	 0.000837215
2317	 0.000836823
2318	 0.000836432
2319	 0.00083604
2320	 0.00083565
2321	 0.000835259
2322	 0.000834869
2323	 0.000834479
2324	 0.000834089
2325	 0.0008337
2326	 0.000833311
2327	 0.000832922
2328	 0.000832534
2329	 0.000832146
2330	 0.000831758
2331	 0.00083137
2332	 0.000830983
2333	 0.000830596
2334	 0.000830209
2335	 0.000829823
2336	 0.000829437
2337	 0.000829051
2338	 0.000828666
2339	 0.000828281
2340	 0.000827896
2341	 0.000827511
2342	 0.000827127
2343	 0.000826743
2344	 0.000826359
2345	 0.000825976
2346	 0.000825593
2347	 0.00082521
2348	 0.000824828
2349	 0.000824445
2350	 0.000824064
2351	 0.000823682
2352	 0.000823301
2353	 0.00082292
2354	 0.000822539
2355	 0.000822158
2356	 0.000821778
2357	 0.000821398
2358	 0.000821019
2359	 0.00082064
2360	 0.000820261
2361	 0.000819882
2362	 0.000819503
2363	 0.000819125
2364	 0.000818748
2365	 0.00081837
2366	 0.000817993
2367	 0.000817616
2368	 0.000817239
2369	 0.000816863
2370	 0.000816487
2371	 0.000816111
2372	 0.000815735
2373	 0.00081536
2374	 0.000814985
2375	 0.00081461
2376	 0.000814236
2377	 0.000813862
2378	 0.000813488
2379	 0.000813115
2380	 0.000812741
2381	 0.000812368
2382	 0.000811996
2383	 0.000811623
2384	 0.000811251
2385	 0.000810879
2386	 0.000810508
2387	 0.000810136
2388	 0.000809766
2389	 0.000809395
2390	 0.000809024
2391	 0.000808654
2392	 0.000808284
2393	 0.000807915
2394	 0.000807546
2395	 0.000807176
2396	 0.000806808
2397	 0.000806439
2398	 0.000806071
2399	 0.000805703
2400	 0.000805336
2401	 0.000804968
2402	 0.000804601
2403	 0.000804234
2404	 0.000803868
2405	 0.000803502
2406	 0.000803136
2407	 0.00080277
2408	 0.000802405
2409	 0.000802039
2410	 0.000801675
2411	 0.00080131
2412	 0.000800946
2413	 0.000800582
2414	 0.000800218
2415	 0.000799854
2416	 0.000799491
2417	 0.000799128
2418	 0.000798766
2419	 0.000798403
2420	 0.000798041
2421	 0.000797679
2422	 0.000797318
2423	 0.000796956
2424	 0.000796595
2425	 0.000796235
2426	 0.000795874
2427	 0.000795514
2428	 0.000795154
2429	 0.000794794
2430	 0.000794435
2431	 0.000794076
2432	 0.000793717
2433	 0.000793358
2434	 0.000793
2435	 0.000792642
2436	 0.000792284
2437	 0.000791927
2438	 0.000791569
2439	 0.000791212
2440	 0.000790856
2441	 0.000790499
2442	 0.000790143
2443	 0.000789787
2444	 0.000789432
2445	 0.000789076
2446	 0.000788721
2447	 0.000788366
2448	 0.000788012
2449	 0.000787657
2450	 0.000787303
2451	 0.000786949
2452	 0.000786596
2453	 0.000786243
2454	 0.00078589
2455	 0.000785537
2456	 0.000785184
2457	 0.000784832
2458	 0.00078448
2459	 0.000784129
2460	 0.000783777
2461	 0.000783426
2462	 0.000783075
2463	 0.000782724
2464	 0.000782374
2465	 0.000782024
2466	 0.000781674
2467	 0.000781325
2468	 0.000780975
2469	 0.000780626
2470	 0.000780277
2471	 0.000779929
2472	 0.00077958
2473	 0.000779232
2474	 0.000778885
2475	 0.000778537
2476	 0.00077819
2477	 0.000777843
2478	 0.000777496
2479	 0.00077715
2480	 0.000776803
2481	 0.000776457
2482	 0.000776112
2483	 0.000775766
2484	 0.000775421
2485	 0.000775076
2486	 0.000774731
2487	 0.000774387
2488	 0.000774043
2489	 0.000773699
2490	 0.000773355
2491	 0.000773011
2492	 0.000772668
2493	 0.000772325
2494	 0.000771983
2495	 0.00077164
2496	 0.000771298
2497	 0.000770956
2498	 0.000770615
2499	 0.000770273
2500	 0.000769932
2501	 0.000769591
2502	 0.00076925
2503	 0.00076891
2504	 0.00076857
2505	 0.00076823
2506	 0.00076789
2507	 0.000767551
2508	 0.000767212
2509	 0.000766873
2510	 0.000766534
2511	 0.000766196
2512	 0.000765858
2513	 0.00076552
2514	 0.000765182
2515	 0.000764845
2516	 0.000764507
2517	 0.00076417
2518	 0.000763834
2519	 0.000763497
2520	 0.000763161
2521	 0.000762825
2522	 0.00076249
2523	 0.000762154
2524	 0.000761819
2525	 0.000761484
2526	 0.000761149
2527	 0.000760815
2528	 0.000760481
2529	 0.000760147
2530	 0.000759813
2531	 0.000759479
2532	 0.000759146
2533	 0.000758813
2534	 0.00075848
2535	 0.000758148
2536	 0.000757816
2537	 0.000757484
2538	 0.000757152
2539	 0.00075682
2540	 0.000756489
2541	 0.000756158
2542	 0.000755827
2543	 0.000755497
2544	 0.000755166
2545	 0.000754836
2546	 0.000754506
2547	 0.000754177
2548	 0.000753847
2549	 0.000753518
2550	 0.000753189
2551	 0.000752861
2552	 0.000752532
2553	 0.000752204
2554	 0.000751876
2555	 0.000751548
2556	 0.000751221
2557	 0.000750894
2558	 0.000750567
2559	 0.00075024
2560	 0.000749913
2561	 0.000749587
2562	 0.000749261
2563	 0.000748935
2564	 0.00074861
2565	 0.000748284
2566	 0.000747959
2567	 0.000747634
2568	 0.00074731
2569	 0.000746985
2570	 0.000746661
2571	 0.000746337
2572	 0.000746014
2573	 0.00074569
2574	 0.000745367
2575	 0.000745044
2576	 0.000744721
2577	 0.000744399
2578	 0.000744076
2579	 0.000743754
2580	 0.000743433
2581	 0.000743111
2582	 0.00074279
2583	 0.000742468
2584	 0.000742148
2585	 0.000741827
2586	 0.000741506
2587	 0.000741186
2588	 0.000740866
2589	 0.000740547
2590	 0.000740227
2591	 0.000739908
2592	 0.000739589
2593	 0.00073927
2594	 0.000738951
2595	 0.000738633
2596	 0.000738315
2597	 0.000737997
2598	 0.000737679
2599	 0.000737362
2600	 0.000737045
2601	 0.000736728
2602	 0.000736411
2603	 0.000736094
2604	 0.000735778
2605	 0.000735462
2606	 0.000735146
2607	 0.00073483
2608	 0.000734515
2609	 0.0007342
2610	 0.000733885
2611	 0.00073357
2612	 0.000733256
2613	 0.000732941
2614	 0.000732627
2615	 0.000732314
2616	 0.000732
2617	 0.000731687
2618	 0.000731373
2619	 0.00073106
2620	 0.000730748
2621	 0.000730435
2622	 0.000730123
2623	 0.000729811
2624	 0.000729499
2625	 0.000729188
2626	 0.000728876
2627	 0.000728565
2628	 0.000728254
2629	 0.000727943
2630	 0.000727633
2631	 0.000727323
2632	 0.000727013
2633	 0.000726703
2634	 0.000726393
2635	 0.000726084
2636	 0.000725775
2637	 0.000725466
2638	 0.000725157
2639	 0.000724849
2640	 0.00072454
2641	 0.000724232
2642	 0.000723924
2643	 0.000723617
2644	 0.000723309
2645	 0.000723002
2646	 0.000722695
2647	 0.000722388
2648	 0.000722082
2649	 0.000721776
2650	 0.000721469
2651	 0.000721164
2652	 0.000720858
2653	 0.000720552
2654	 0.000720247
2655	 0.000719942
2656	 0.000719637
2657	 0.000719333
2658	 0.000719029
2659	 0.000718724
2660	 0.00071842
2661	 0.000718117
2662	 0.000717813
2663	 0.00071751
2664	 0.000717207
2665	 0.000716904
2666	 0.000716601
2667	 0.000716299
2668	 0.000715997
2669	 0.000715695
2670	 0.000715393
2671	 0.000715091
2672	 0.00071479
2673	 0.000714489
2674	 0.000714188
2675	 0.000713887
2676	 0.000713587
2677	 0.000713286
2678	 0.000712986
2679	 0.000712686
2680	 0.000712387
2681	 0.000712087
2682	 0.000711788
2683	 0.000711489
2684	 0.00071119
2685	 0.000710891
2686	 0.000710593
2687	 0.000710295
2688	 0.000709997
2689	 0.000709699
2690	 0.000709401
2691	 0.000709104
2692	 0.000708807
2693	 0.00070851
2694	 0.000708213
2695	 0.000707917
2696	 0.00070762
2697	 0.000707324
2698	 0.000707028
2699	 0.000706733
2700	 0.000706437
2701	 0.000706142
2702	 0.000705847
2703	 0.000705552
2704	 0.000705257
2705	 0.000704963
2706	 0.000704668
2707	 0.000704374
2708	 0.000704081
2709	 0.000703787
2710	 0.000703493
2711	 0.0007032
2712	 0.000702907
2713	 0.000702614
2714	 0.000702322
2715	 0.000702029
2716	 0.000701737
2717	 0.000701445
2718	 0.000701153
2719	 0.000700862
2720	 0.00070057
2721	 0.000700279
2722	 0.000699988
2723	 0.000699697
2724	 0.000699407
2725	 0.000699116
2726	 0.000698826
2727	 0.000698536
2728	 0.000698246
2729	 0.000697957
2730	 0.000697667
2731	 0.000697378
2732	 0.000697089
2733	 0.000696801
2734	 0.000696512
2735	 0.000696224
2736	 0.000695935
2737	 0.000695647
2738	 0.00069536
2739	 0.000695072
2740	 0.000694785
2741	 0.000694498
2742	 0.000694211
2743	 0.000693924
2744	 0.000693637
2745	 0.000693351
2746	 0.000693065
2747	 0.000692779
2748	 0.000692493
2749	 0.000692207
2750	 0.000691922
2751	 0.000691637
2752	 0.000691352
2753	 0.000691067
2754	 0.000690782
2755	 0.000690498
2756	 0.000690214
2757	 0.00068993
2758	 0.000689646
2759	 0.000689362
2760	 0.000689079
2761	 0.000688796
2762	 0.000688513
2763	 0.00068823
2764	 0.000687947
2765	 0.000687665
2766	 0.000687383
2767	 0.0006871
2768	 0.000686819
2769	 0.000686537
2770	 0.000686255
2771	 0.000685974
2772	 0.000685693
2773	 0.000685412
2774	 0.000685131
2775	 0.000684851
2776	 0.000684571
2777	 0.000684291
2778	 0.000684011
2779	 0.000683731
2780	 0.000683451
2781	 0.000683172
2782	 0.000682893
2783	 0.000682614
2784	 0.000682335
2785	 0.000682056
2786	 0.000681778
2787	 0.0006815
2788	 0.000681222
2789	 0.000680944
2790	 0.000680666
2791	 0.000680389
2792	 0.000680112
2793	 0.000679835
2794	 0.000679558
2795	 0.000679281
2796	 0.000679005
2797	 0.000678728
2798	 0.000678452
2799	 0.000678176
2800	 0.0006779
2801	 0.000677625
2802	 0.00067735
2803	 0.000677074
2804	 0.000676799
2805	 0.000676525
2806	 0.00067625
2807	 0.000675976
2808	 0.000675701
2809	 0.000675427
2810	 0.000675153
2811	 0.00067488
2812	 0.000674606
2813	 0.000674333
2814	 0.00067406
2815	 0.000673787
2816	 0.000673514
2817	 0.000673242
2818	 0.000672969
2819	 0.000672697
2820	 0.000672425
2821	 0.000672153
2822	 0.000671882
2823	 0.00067161
2824	 0.000671339
2825	 0.000671068
2826	 0.000670797
2827	 0.000670526
2828	 0.000670256
2829	 0.000669985
2830	 0.000669715
2831	 0.000669445
2832	 0.000669175
2833	 0.000668906
2834	 0.000668636
2835	 0.000668367
2836	 0.000668098
2837	 0.000667829
2838	 0.00066756
2839	 0.000667292
2840	 0.000667024
2841	 0.000666755
2842	 0.000666487
2843	 0.00066622
2844	 0.000665952
2845	 0.000665685
2846	 0.000665417
2847	 0.00066515
2848	 0.000664883
2849	 0.000664617
2850	 0.00066435
2851	 0.000664084
2852	 0.000663818
2853	 0.000663552
2854	 0.000663286
2855	 0.00066302
2856	 0.000662755
2857	 0.000662489
2858	 0.000662224
2859	 0.000661959
2860	 0.000661695
2861	 0.00066143
2862	 0.000661166
2863	 0.000660902
2864	 0.000660638
2865	 0.000660374
2866	 0.00066011
2867	 0.000659846
2868	 0.000659583
2869	 0.00065932
2870	 0.000659057
2871	 0.000658794
2872	 0.000658532
2873	 0.000658269
2874	 0.000658007
2875	 0.000657745
2876	 0.000657483
2877	 0.000657221
2878	 0.00065696
2879	 0.000656698
2880	 0.000656437
2881	 0.000656176
2882	 0.000655915
2883	 0.000655655
2884	 0.000655394
2885	 0.000655134
2886	 0.000654874
2887	 0.000654614
2888	 0.000654354
2889	 0.000654094
2890	 0.000653835
2891	 0.000653575
2892	 0.000653316
2893	 0.000653057
2894	 0.000652799
2895	 0.00065254
2896	 0.000652282
2897	 0.000652023
2898	 0.000651765
2899	 0.000651507
2900	 0.00065125
2901	 0.000650992
2902	 0.000650735
2903	 0.000650478
2904	 0.00065022
2905	 0.000649964
2906	 0.000649707
2907	 0.00064945
2908	 0.000649194
2909	 0.000648938
2910	 0.000648682
2911	 0.000648426
2912	 0.00064817
2913	 0.000647915
2914	 0.000647659
2915	 0.000647404
2916	 0.000647149
2917	 0.000646894
2918	 0.00064664
2919	 0.000646385
2920	 0.000646131
2921	 0.000645877
2922	 0.000645623
2923	 0.000645369
2924	 0.000645115
2925	 0.000644862
2926	 0.000644609
2927	 0.000644355
2928	 0.000644102
2929	 0.00064385
2930	 0.000643597
2931	 0.000643345
2932	 0.000643092
2933	 0.00064284
2934	 0.000642588
2935	 0.000642336
2936	 0.000642085
2937	 0.000641833
2938	 0.000641582
2939	 0.000641331
2940	 0.00064108
2941	 0.000640829
2942	 0.000640578
2943	 0.000640328
2944	 0.000640078
2945	 0.000639827
2946	 0.000639577
2947	 0.000639328
2948	 0.000639078
2949	 0.000638829
2950	 0.000638579
2951	 0.00063833
2952	 0.000638081
2953	 0.000637832
2954	 0.000637584
2955	 0.000637335
2956	 0.000637087
2957	 0.000636839
2958	 0.000636591
2959	 0.000636343
2960	 0.000636095
2961	 0.000635848
2962	 0.0006356
2963	 0.000635353
2964	 0.000635106
2965	 0.000634859
2966	 0.000634612
2967	 0.000634366
2968	 0.000634119
2969	 0.000633873
2970	 0.000633627
2971	 0.000633381
2972	 0.000633136
2973	 0.00063289
2974	 0.000632645
2975	 0.000632399
2976	 0.000632154
2977	 0.000631909
2978	 0.000631664
2979	 0.00063142
2980	 0.000631175
2981	 0.000630931
2982	 0.000630687
2983	 0.000630443
2984	 0.000630199
2985	 0.000629956
2986	 0.000629712
2987	 0.000629469
2988	 0.000629226
2989	 0.000628983
2990	 0.00062874
2991	 0.000628497
2992	 0.000628254
2993	 0.000628012
2994	 0.00062777
2995	 0.000627528
2996	 0.000627286
2997	 0.000627044
2998	 0.000626803
2999	 0.000626561
3000	 0.00062632
3001	 0.000626079
3002	 0.000625838
3003	 0.000625597
3004	 0.000625356
3005	 0.000625116
3006	 0.000624876
3007	 0.000624635
3008	 0.000624395
3009	 0.000624155
3010	 0.000623916
3011	 0.000623676
3012	 0.000623437
3013	 0.000623198
3014	 0.000622958
3015	 0.00062272
3016	 0.000622481
3017	 0.000622242
3018	 0.000622004
3019	 0.000621765
3020	 0.000621527
3021	 0.000621289
3022	 0.000621051
3023	 0.000620814
3024	 0.000620576
3025	 0.000620339
3026	 0.000620101
3027	 0.000619864
3028	 0.000619627
3029	 0.000619391
3030	 0.000619154
3031	 0.000618918
3032	 0.000618681
3033	 0.000618445
3034	 0.000618209
3035	 0.000617973
3036	 0.000617738
3037	 0.000617502
3038	 0.000617267
3039	 0.000617031
3040	 0.000616796
3041	 0.000616561
3042	 0.000616327
3043	 0.000616092
3044	 0.000615857
3045	 0.000615623
3046	 0.000615389
3047	 0.000615155
3048	 0.000614921
3049	 0.000614687
3050	 0.000614454
3051	 0.00061422
3052	 0.000613987
3053	 0.000613754
3054	 0.000613521
3055	 0.000613288
3056	 0.000613055
3057	 0.000612823
3058	 0.000612591
3059	 0.000612358
3060	 0.000612126
3061	 0.000611894
3062	 0.000611663
3063	 0.000611431
3064	 0.000611199
3065	 0.000610968
3066	 0.000610737
3067	 0.000610506
3068	 0.000610275
3069	 0.000610044
3070	 0.000609814
3071	 0.000609583
3072	 0.000609353
3073	 0.000609123
3074	 0.000608893
3075	 0.000608663
3076	 0.000608433
3077	 0.000608204
3078	 0.000607974
3079	 0.000607745
3080	 0.000607516
3081	 0.000607287
3082	 0.000607058
3083	 0.000606829
3084	 0.000606601
3085	 0.000606372
3086	 0.000606144
3087	 0.000605916
3088	 0.000605688
3089	 0.00060546
3090	 0.000605233
3091	 0.000605005
3092	 0.000604778
3093	 0.000604551
3094	 0.000604323
3095	 0.000604097
3096	 0.00060387
3097	 0.000603643
3098	 0.000603417
3099	 0.00060319
3100	 0.000602964
3101	 0.000602738
3102	 0.000602512
3103	 0.000602286
3104	 0.000602061
3105	 0.000601835
3106	 0.00060161
3107	 0.000601385
3108	 0.00060116
3109	 0.000600935
3110	 0.00060071
3111	 0.000600485
3112	 0.000600261
3113	 0.000600036
3114	 0.000599812
3115	 0.000599588
3116	 0.000599364
3117	 0.00059914
3118	 0.000598917
3119	 0.000598693
3120	 0.00059847
3121	 0.000598247
3122	 0.000598024
3123	 0.000597801
3124	 0.000597578
3125	 0.000597355
3126	 0.000597133
3127	 0.00059691
3128	 0.000596688
3129	 0.000596466
3130	 0.000596244
3131	 0.000596022
3132	 0.000595801
3133	 0.000595579
3134	 0.000595358
3135	 0.000595137
3136	 0.000594915
3137	 0.000594695
3138	 0.000594474
3139	 0.000594253
3140	 0.000594032
3141	 0.000593812
3142	 0.000593592
3143	 0.000593372
3144	 0.000593152
3145	 0.000592932
3146	 0.000592712
3147	 0.000592493
3148	 0.000592273
3149	 0.000592054
3150	 0.000591835
3151	 0.000591616
3152	 0.000591397
3153	 0.000591178
3154	 0.000590959
3155	 0.000590741
3156	 0.000590523
3157	 0.000590304
3158	 0.000590086
3159	 0.000589868
3160	 0.000589651
3161	 0.000589433
3162	 0.000589216
3163	 0.000588998
3164	 0.000588781
3165	 0.000588564
3166	 0.000588347
3167	 0.00058813
3168	 0.000587913
3169	 0.000587697
3170	 0.00058748
3171	 0.000587264
3172	 0.000587048
3173	 0.000586832
3174	 0.000586616
3175	 0.0005864
3176	 0.000586185
3177	 0.000585969
3178	 0.000585754
3179	 0.000585539
3180	 0.000585324
3181	 0.000585109
3182	 0.000584894
3183	 0.000584679
3184	 0.000584465
3185	 0.00058425
3186	 0.000584036
3187	 0.000583822
3188	 0.000583608
3189	 0.000583394
3190	 0.00058318
3191	 0.000582967
3192	 0.000582753
3193	 0.00058254
3194	 0.000582327
3195	 0.000582114
3196	 0.000581901
3197	 0.000581688
3198	 0.000581476
3199	 0.000581263
3200	 0.000581051
3201	 0.000580838
3202	 0.000580626
3203	 0.000580414
3204	 0.000580202
3205	 0.000579991
3206	 0.000579779
3207	 0.000579568
3208	 0.000579356
3209	 0.000579145
3210	 0.000578934
3211	 0.000578723
3212	 0.000578512
3213	 0.000578302
3214	 0.000578091
3215	 0.000577881
3216	 0.00057767
3217	 0.00057746
3218	 0.00057725
3219	 0.00057704
3220	 0.00057683
3221	 0.000576621
3222	 0.000576411
3223	 0.000576202
3224	 0.000575993
3225	 0.000575784
3226	 0.000575575
3227	 0.000575366
3228	 0.000575157
3229	 0.000574948
3230	 0.00057474
3231	 0.000574532
3232	 0.000574323
3233	 0.000574115
3234	 0.000573907
3235	 0.000573699
3236	 0.000573492
3237	 0.000573284
3238	 0.000573077
3239	 0.000572869
3240	 0.000572662
3241	 0.000572455
3242	 0.000572248
3243	 0.000572041
3244	 0.000571835
3245	 0.000571628
3246	 0.000571422
3247	 0.000571216
3248	 0.000571009
3249	 0.000570803
3250	 0.000570597
3251	 0.000570392
3252	 0.000570186
3253	 0.00056998
3254	 0.000569775
3255	 0.00056957
3256	 0.000569365
3257	 0.00056916
3258	 0.000568955
3259	 0.00056875
3260	 0.000568545
3261	 0.000568341
3262	 0.000568136
3263	 0.000567932
3264	 0.000567728
3265	 0.000567524
3266	 0.00056732
3267	 0.000567116
3268	 0.000566913
3269	 0.000566709
3270	 0.000566506
3271	 0.000566302
3272	 0.000566099
3273	 0.000565896
3274	 0.000565693
3275	 0.000565491
3276	 0.000565288
3277	 0.000565086
3278	 0.000564883
3279	 0.000564681
3280	 0.000564479
3281	 0.000564277
3282	 0.000564075
3283	 0.000563873
3284	 0.000563671
3285	 0.00056347
3286	 0.000563268
3287	 0.000563067
3288	 0.000562866
3289	 0.000562665
3290	 0.000562464
3291	 0.000562263
3292	 0.000562063
3293	 0.000561862
3294	 0.000561662
3295	 0.000561461
3296	 0.000561261
3297	 0.000561061
3298	 0.000560861
3299	 0.000560661
3300	 0.000560462
3301	 0.000560262
3302	 0.000560063
3303	 0.000559863
3304	 0.000559664
3305	 0.000559465
3306	 0.000559266
3307	 0.000559067
3308	 0.000558868
3309	 0.00055867
3310	 0.000558471
3311	 0.000558273
3312	 0.000558075
3313	 0.000557877
3314	 0.000557679
3315	 0.000557481
3316	 0.000557283
3317	 0.000557085
3318	 0.000556888
3319	 0.00055669
3320	 0.000556493
3321	 0.000556296
3322	 0.000556099
3323	 0.000555902
3324	 0.000555705
3325	 0.000555509
3326	 0.000555312
3327	 0.000555116
3328	 0.000554919
3329	 0.000554723
3330	 0.000554527
3331	 0.000554331
3332	 0.000554135
3333	 0.000553939
3334	 0.000553744
3335	 0.000553548
3336	 0.000553353
3337	 0.000553158
3338	 0.000552963
3339	 0.000552768
3340	 0.000552573
3341	 0.000552378
3342	 0.000552183
3343	 0.000551989
3344	 0.000551794
3345	 0.0005516
3346	 0.000551406
3347	 0.000551212
3348	 0.000551018
4001	 0.000550824
