1	 0.593515
2	 0.0801979
3	 0.0218396
4	 0.0134946
5	 0.0100271
6	 0.0080206
7	 0.00667128
8	 0.00568712
9	 0.00493325
10	 0.00433685
11	 0.00385409
12	 0.00345648
13	 0.00312439
14	 0.0028438
15	 0.00260431
16	 0.00239807
17	 0.00221905
18	 0.00206252
19	 0.00192475
20	 0.00180276
21	 0.00169412
22	 0.00159687
23	 0.00150941
24	 0.00143039
25	 0.00135871
26	 0.00129342
27	 0.00123376
28	 0.00117904
29	 0.00112871
30	 0.00108227
31	 0.0010393
32	 0.00099945
33	 0.000962392
34	 0.000927855
35	 0.000895598
36	 0.000865408
37	 0.000837099
38	 0.000810504
39	 0.000785477
40	 0.000761886
41	 0.000739614
42	 0.000718556
43	 0.000698618
44	 0.000679715
45	 0.000661769
46	 0.000644713
47	 0.000628481
48	 0.000613019
49	 0.000598272
50	 0.000584193
51	 0.00057074
52	 0.000557871
53	 0.000545551
54	 0.000533745
55	 0.000522424
56	 0.000511557
57	 0.000501119
58	 0.000491085
59	 0.000481432
60	 0.000472141
61	 0.00046319
62	 0.000454563
63	 0.000446241
64	 0.00043821
65	 0.000430454
66	 0.00042296
67	 0.000415716
68	 0.000408708
69	 0.000401926
70	 0.00039536
71	 0.000388999
72	 0.000382833
73	 0.000376855
74	 0.000371056
75	 0.000365427
76	 0.000359963
77	 0.000354655
78	 0.000349497
79	 0.000344484
80	 0.000339608
81	 0.000334866
82	 0.00033025
83	 0.000325757
84	 0.000321382
85	 0.000317119
86	 0.000312966
87	 0.000308917
88	 0.000304969
89	 0.000301119
90	 0.000297362
91	 0.000293695
92	 0.000290116
93	 0.000286621
94	 0.000283207
95	 0.000279871
96	 0.000276612
97	 0.000273426
98	 0.000270311
99	 0.000267264
100	 0.000264284
101	 0.000261368
102	 0.000258514
103	 0.00025572
104	 0.000252985
105	 0.000250307
106	 0.000247683
107	 0.000245113
108	 0.000242594
109	 0.000240126
110	 0.000237706
111	 0.000235334
112	 0.000233007
113	 0.000230725
114	 0.000228486
115	 0.00022629
116	 0.000224134
117	 0.000222018
118	 0.000219941
119	 0.000217902
120	 0.0002159
121	 0.000213933
122	 0.000212001
123	 0.000210103
124	 0.000208238
125	 0.000206405
126	 0.000204603
127	 0.000202832
128	 0.000201091
129	 0.000199379
130	 0.000197695
131	 0.000196039
132	 0.00019441
133	 0.000192807
134	 0.00019123
135	 0.000189678
136	 0.000188151
137	 0.000186647
138	 0.000185167
139	 0.00018371
140	 0.000182275
141	 0.000180862
142	 0.00017947
143	 0.000178099
144	 0.000176749
145	 0.000175418
146	 0.000174107
147	 0.000172815
148	 0.000171542
149	 0.000170287
150	 0.00016905
151	 0.000167831
152	 0.000166628
153	 0.000165443
154	 0.000164274
155	 0.000163121
156	 0.000161984
157	 0.000160862
158	 0.000159756
159	 0.000158664
160	 0.000157587
161	 0.000156524
162	 0.000155475
163	 0.00015444
164	 0.000153418
165	 0.00015241
166	 0.000151415
167	 0.000150432
168	 0.000149461
169	 0.000148503
170	 0.000147557
171	 0.000146623
172	 0.0001457
173	 0.000144789
174	 0.000143889
175	 0.000142999
176	 0.000142121
177	 0.000141253
178	 0.000140395
179	 0.000139548
180	 0.00013871
181	 0.000137883
182	 0.000137065
183	 0.000136256
184	 0.000135457
185	 0.000134667
186	 0.000133886
187	 0.000133114
188	 0.000132351
189	 0.000131596
190	 0.00013085
191	 0.000130112
192	 0.000129382
193	 0.00012866
194	 0.000127946
195	 0.000127239
196	 0.000126541
197	 0.00012585
198	 0.000125166
199	 0.00012449
200	 0.00012382
201	 0.000123158
202	 0.000122503
203	 0.000121854
204	 0.000121213
205	 0.000120577
206	 0.000119949
207	 0.000119327
208	 0.000118711
209	 0.000118101
210	 0.000117498
211	 0.0001169
212	 0.000116309
213	 0.000115723
214	 0.000115143
215	 0.000114569
216	 0.000114001
217	 0.000113438
218	 0.00011288
219	 0.000112328
220	 0.000111781
221	 0.00011124
222	 0.000110703
223	 0.000110172
224	 0.000109645
225	 0.000109124
226	 0.000108607
227	 0.000108095
228	 0.000107588
229	 0.000107086
230	 0.000106588
231	 0.000106095
232	 0.000105606
233	 0.000105122
234	 0.000104642
235	 0.000104166
236	 0.000103695
237	 0.000103227
238	 0.000102764
239	 0.000102305
240	 0.00010185
241	 0.000101399
242	 0.000100952
243	 0.000100509
244	 0.000100069
245	 9.96338e-05
246	 9.92019e-05
247	 9.87736e-05
248	 9.8349e-05
249	 9.7928e-05
250	 9.75105e-05
251	 9.70965e-05
252	 9.6686e-05
253	 9.62788e-05
254	 9.58751e-05
255	 9.54746e-05
256	 9.50775e-05
257	 9.46836e-05
258	 9.42929e-05
259	 9.39054e-05
260	 9.3521e-05
261	 9.31397e-05
262	 9.27614e-05
263	 9.23862e-05
264	 9.2014e-05
265	 9.16447e-05
266	 9.12783e-05
267	 9.09148e-05
268	 9.05542e-05
269	 9.01963e-05
270	 8.98413e-05
271	 8.94889e-05
272	 8.91394e-05
273	 8.87924e-05
274	 8.84482e-05
275	 8.81066e-05
276	 8.77675e-05
277	 8.74311e-05
278	 8.70971e-05
279	 8.67657e-05
280	 8.64368e-05
281	 8.61103e-05
282	 8.57862e-05
283	 8.54646e-05
284	 8.51453e-05
285	 8.48283e-05
286	 8.45137e-05
287	 8.42014e-05
288	 8.38913e-05
289	 8.35835e-05
290	 8.32779e-05
291	 8.29745e-05
292	 8.26733e-05
293	 8.23743e-05
294	 8.20773e-05
295	 8.17825e-05
296	 8.14898e-05
297	 8.11991e-05
298	 8.09105e-05
299	 8.06238e-05
300	 8.03392e-05
301	 8.00566e-05
302	 7.97759e-05
303	 7.94972e-05
304	 7.92203e-05
305	 7.89454e-05
306	 7.86723e-05
307	 7.84011e-05
308	 7.81318e-05
309	 7.78643e-05
310	 7.75985e-05
311	 7.73346e-05
312	 7.70724e-05
313	 7.6812e-05
314	 7.65533e-05
315	 7.62963e-05
316	 7.60411e-05
317	 7.57875e-05
318	 7.55355e-05
319	 7.52853e-05
320	 7.50366e-05
321	 7.47896e-05
322	 7.45442e-05
323	 7.43003e-05
324	 7.40581e-05
325	 7.38174e-05
326	 7.35782e-05
327	 7.33406e-05
328	 7.31044e-05
329	 7.28698e-05
330	 7.26366e-05
331	 7.2405e-05
332	 7.21747e-05
333	 7.1946e-05
334	 7.17186e-05
335	 7.14927e-05
336	 7.12681e-05
337	 7.1045e-05
338	 7.08232e-05
339	 7.06028e-05
340	 7.03838e-05
341	 7.01661e-05
342	 6.99497e-05
343	 6.97346e-05
344	 6.95208e-05
345	 6.93084e-05
346	 6.90972e-05
347	 6.88873e-05
348	 6.86786e-05
349	 6.84712e-05
350	 6.8265e-05
351	 6.806e-05
352	 6.78563e-05
353	 6.76537e-05
354	 6.74524e-05
355	 6.72522e-05
356	 6.70532e-05
357	 6.68553e-05
358	 6.66586e-05
359	 6.64631e-05
360	 6.62687e-05
361	 6.60754e-05
362	 6.58832e-05
363	 6.56921e-05
364	 6.55021e-05
365	 6.53132e-05
366	 6.51254e-05
367	 6.49386e-05
368	 6.47529e-05
369	 6.45682e-05
370	 6.43846e-05
371	 6.4202e-05
372	 6.40205e-05
373	 6.38399e-05
374	 6.36603e-05
375	 6.34818e-05
376	 6.33042e-05
377	 6.31276e-05
378	 6.2952e-05
379	 6.27773e-05
380	 6.26036e-05
381	 6.24309e-05
382	 6.22591e-05
383	 6.20882e-05
384	 6.19182e-05
385	 6.17492e-05
386	 6.15811e-05
109001	 6.14139e-05
